(18.388698, -66.061339)
(19.701189, -155.080847)
(19.704756, -155.069653)
(20.88956, -156.477252)
(21.27148, -157.800213)
(21.28995, -157.807851)
(21.298598, -157.818979)
(21.310306, -157.859645)
(21.321785, -157.87)
(21.35531, -158.056403)
(21.39267, -157.983771)
(21.407051, -157.813307)
(21.642074, -157.926586)
(21.968887, -159.395883)
(24.582748, -81.74446)
(25.66273, -80.393361)
(25.72126, -80.278662)
(25.756567, -80.36778)
(25.75732, -80.373928)
(25.76084, -80.333114)
(25.767091, -80.370117)
(25.773542, -80.321789)
(25.777717, -80.190856)
(25.780018, -80.239586)
(25.790008, -80.18839)
(25.804092, -80.263591)
(25.81071, -80.347651)
(25.855552, -80.319292)
(25.86178, -80.321846)
(25.878908, -80.198925)
(25.894337, -80.164797)
(25.899628, -97.492241)
(25.916128, -80.29513)
(25.918278, -80.270753)
(25.922071, -80.253273)
(25.936988, -97.501124)
(25.987643, -80.339842)
(26.010968, -80.246116)
(26.031736, -80.198024)
(26.070447, -80.251766)
(26.079337, -80.24248)
(26.085022, -80.232201)
(26.119422, -80.14183)
(26.141141, -81.763568)
(26.16574, -80.205267)
(26.185869, -80.163959)
(26.20385, -97.675281)
(26.211217, -98.201038)
(26.217591, -98.253634)
(26.239856, -98.234872)
(26.24215, -98.177978)
(26.24278, -80.192271)
(26.270878, -80.203455)
(26.306759, -98.173567)
(26.372421, -80.102978)
(26.385985, -80.122806)
(26.391218, -80.108331)
(26.438379, -80.123788)
(26.463638, -81.7726)
(26.54289, -80.092161)
(26.552403, -81.887102)
(26.596097, -81.877644)
(26.610865, -81.821419)
(26.61256, -80.08653)
(26.647517, -81.836596)
(26.702216, -80.085966)
(26.702663, -80.085147)
(26.7044, -80.05247)
(26.705217, -80.136749)
(26.70653, -80.121497)
(27.285486, -82.500827)
(27.360931, -82.547803)
(27.384925, -82.55858)
(27.42416, -80.358682)
(27.43804, -82.590887)
(27.447894, -82.481088)
(27.506477, -99.520772)
(27.525168, -97.882387)
(27.571172, -99.436043)
(27.68504, -97.363145)
(27.713723, -97.32395)
(27.715798, -82.687043)
(27.761183, -82.681534)
(27.763619, -97.40762)
(27.838778, -81.532315)
(27.865391, -82.648151)
(27.89484, -82.721372)
(27.90242, -82.717331)
(27.911922, -82.719064)
(27.934888, -82.456253)
(27.948455, -82.46483)
(27.965294, -82.78558)
(27.980705, -82.337004)
(27.982269, -82.500357)
(27.997242, -82.435933)
(27.997442, -82.35991)
(28.029733, -81.918382)
(28.032411, -81.711873)
(28.032443, -81.948203)
(28.061458, -82.413232)
(28.065754, -80.624378)
(28.065815, -80.622893)
(28.2751, -82.646727)
(28.336776, -82.257801)
(28.38361, -80.756474)
(28.424285, -81.409713)
(28.435194, -97.755896)
(28.44862, -81.399661)
(28.471695, -81.415996)
(28.520898, -81.471466)
(28.559574, -81.571532)
(28.56052, -81.309471)
(28.571233, -81.208356)
(28.576142, -81.367687)
(28.592787, -81.349239)
(28.596546, -81.301286)
(28.602159, -81.200889)
(28.615784, -81.312669)
(28.745482, -81.308003)
(28.816248, -96.976334)
(28.816446, -96.979226)
(28.828649, -81.797193)
(28.833446, -81.690874)
(29.035475, -81.300746)
(29.048604, -95.40934)
(29.140099, -82.197343)
(29.166079, -82.175692)
(29.189903, -81.048367)
(29.203275, -81.049685)
(29.207195, -81.032946)
(29.219671, -99.741237)
(29.284735, -94.807686)
(29.310758, -94.775956)
(29.322955, -98.543468)
(29.3238, -96.085815)
(29.355774, -98.494238)
(29.35599, -98.4891)
(29.39581, -94.999602)
(29.396244, -95.240671)
(29.41508, -98.453285)
(29.426194, -98.54365)
(29.44634, -98.497647)
(29.453244, -98.562778)
(29.4585, -98.627397)
(29.462682, -98.48186)
(29.46708, -98.46583)
(29.471308, -98.70513)
(29.488876, -98.576627)
(29.49003, -98.582351)
(29.507685, -98.585653)
(29.508107, -98.575655)
(29.517063, -98.567486)
(29.538442, -98.568618)
(29.545802, -98.323246)
(29.573261, -97.982669)
(29.582523, -95.098129)
(29.583709, -98.620657)
(29.64629, -82.347911)
(29.647516, -81.681387)
(29.649413, -82.339848)
(29.660032, -95.114677)
(29.677415, -95.544702)
(29.681037, -82.433143)
(29.69036, -95.532975)
(29.693819, -95.515954)
(29.701897, -95.517146)
(29.702873, -95.403183)
(29.717897, -95.402035)
(29.720393, -95.343537)
(29.721046, -95.361113)
(29.732505, -94.978184)
(29.736438, -95.393102)
(29.742114, -95.377319)
(29.7661, -95.359338)
(29.794486, -90.801571)
(29.799602, -95.454298)
(29.838306, -95.562287)
(29.838386, -95.560414)
(29.880385, -93.925886)
(29.888885, -97.943029)
(29.892733, -81.314887)
(29.912003, -89.99445)
(29.936141, -90.120417)
(29.940069, -90.122144)
(29.950897, -95.413192)
(29.95419, -89.95888)
(29.957272, -90.083145)
(29.964162, -90.107307)
(29.985149, -90.103962)
(29.990487, -95.412113)
(29.996587, -90.06464)
(30.002779, -90.172771)
(30.004336, -90.043439)
(30.022309, -95.431325)
(30.026162, -90.044912)
(30.027704, -90.067142)
(30.031458, -99.130586)
(30.042738, -94.072244)
(30.047885, -94.077126)
(30.0922, -93.732235)
(30.092425, -95.989475)
(30.160457, -96.40852)
(30.175298, -82.5679)
(30.178187, -93.217222)
(30.185542, -85.727918)
(30.18737, -95.488103)
(30.19576, -81.751361)
(30.212191, -92.020165)
(30.217331, -93.16252)
(30.218616, -92.050933)
(30.226743, -97.784318)
(30.229618, -97.754998)
(30.23886, -81.581748)
(30.243517, -81.586421)
(30.264667, -97.721691)
(30.27194, -81.509144)
(30.282647, -81.560428)
(30.282825, -97.738273)
(30.322744, -97.712505)
(30.322978, -97.699064)
(30.326455, -97.717865)
(30.329288, -87.653162)
(30.334918, -81.659901)
(30.34479, -81.684879)
(30.353227, -81.60458)
(30.363139, -103.651469)
(30.369764, -91.030485)
(30.371175, -97.73985)
(30.401379, -91.110587)
(30.414986, -91.178921)
(30.420232, -97.835703)
(30.428504, -84.290226)
(30.440756, -84.291921)
(30.442037, -84.317892)
(30.443866, -84.339)
(30.448276, -91.137935)
(30.448534, -84.339057)
(30.473292, -92.434523)
(30.479267, -87.200265)
(30.487547, -87.290659)
(30.494049, -90.104008)
(30.510415, -87.183112)
(30.514652, -90.468676)
(30.524558, -91.190105)
(30.549076, -87.218511)
(30.618726, -96.336475)
(30.634341, -97.665738)
(30.693972, -88.056982)
(30.694751, -88.138199)
(30.696033, -88.178711)
(30.714738, -95.546205)
(30.789228, -85.23139)
(30.815576, -83.963587)
(30.847402, -83.289282)
(30.851343, -87.778193)
(30.863799, -83.9514)
(30.889221, -83.35381)
(31.066793, -97.463471)
(31.070715, -97.350471)
(31.120516, -97.810827)
(31.182745, -81.485973)
(31.212781, -82.3821)
(31.276699, -92.475371)
(31.287444, -94.731625)
(31.295121, -90.443295)
(31.297496, -85.836956)
(31.305264, -89.291815)
(31.310461, -92.446693)
(31.315274, -85.465836)
(31.324528, -92.425973)
(31.32661, -89.331236)
(31.440914, -100.465051)
(31.481889, -83.528281)
(31.495903, -82.855231)
(31.546872, -97.121041)
(31.55434, -84.174284)
(31.564597, -110.246946)
(31.56928, -84.141825)
(31.58947, -97.171228)
(31.596936, -89.200895)
(31.621056, -94.64908)
(31.639295, -97.08471)
(31.675953, -106.319269)
(31.716467, -98.985204)
(31.750666, -93.097797)
(31.77015, -106.504098)
(31.773359, -106.373616)
(31.788346, -106.413158)
(31.800672, -85.957094)
(31.866812, -102.383477)
(31.877794, -106.425881)
(31.889509, -102.329634)
(31.999481, -81.105531)
(32.010928, -97.088332)
(32.023211, -81.114753)
(32.024781, -81.063377)
(32.029646, -102.106153)
(32.054662, -84.217738)
(32.072963, -81.093849)
(32.076061, -96.498731)
(32.156214, -94.356355)
(32.196596, -95.858513)
(32.20393, -82.365827)
(32.214988, -98.214866)
(32.222125, -110.886659)
(32.232672, -110.950815)
(32.248067, -110.878783)
(32.252292, -101.450104)
(32.256109, -90.416118)
(32.281568, -106.752069)
(32.296105, -90.207405)
(32.300562, -90.188097)
(32.303308, -80.973595)
(32.315772, -95.254337)
(32.318415, -90.169228)
(32.322746, -90.179957)
(32.335515, -90.329821)
(32.33601, -95.284122)
(32.350109, -86.343057)
(32.351034, -86.284366)
(32.364317, -86.295677)
(32.367355, -88.732823)
(32.36736, -86.177544)
(32.37456, -95.312454)
(32.377821, -94.871468)
(32.384181, -86.21641)
(32.395767, -81.818517)
(32.397617, -97.32702)
(32.401132, -98.985206)
(32.402516, -90.178196)
(32.403014, -90.16076)
(32.40443, -96.853492)
(32.420197, -80.689468)
(32.426153, -81.784045)
(32.428465, -93.70561)
(32.429776, -99.748682)
(32.4309, -85.708492)
(32.445917, -87.013294)
(32.46632, -94.726394)
(32.468943, -99.709797)
(32.476434, -99.73564)
(32.483335, -93.730834)
(32.50096, -84.94106)
(32.508076, -84.978551)
(32.523797, -92.713245)
(32.527748, -92.07374)
(32.528297, -92.649963)
(32.537595, -83.89537)
(32.537641, -94.376814)
(32.539551, -93.646881)
(32.545341, -83.66765)
(32.545632, -93.834559)
(32.557847, -94.374488)
(32.594944, -82.309021)
(32.599378, -85.488258)
(32.608605, -117.065355)
(32.619858, -117.093388)
(32.640281, -116.996803)
(32.659588, -96.803446)
(32.675369, -97.05498)
(32.678458, -100.914945)
(32.689306, -114.495968)
(32.701684, -97.056391)
(32.702814, -117.102845)
(32.70961, -97.364758)
(32.710017, -96.947006)
(32.717403, -117.152733)
(32.718391, -117.250265)
(32.729718, -97.11296)
(32.732962, -97.279613)
(32.74133, -97.792629)
(32.744954, -116.943507)
(32.747495, -97.327941)
(32.757808, -103.182896)
(32.766319, -96.794036)
(32.770816, -117.192073)
(32.77525, -117.071228)
(32.7767, -108.283284)
(32.784225, -79.939794)
(32.797183, -79.958775)
(32.803825, -117.169165)
(32.808092, -83.732058)
(32.815246, -117.006277)
(32.816901, -97.311645)
(32.8273, -117.141961)
(32.82746, -96.873805)
(32.831787, -83.648295)
(32.836068, -96.941822)
(32.843612, -96.783365)
(32.843664, -109.76234)
(32.846221, -96.919512)
(32.860595, -96.654105)
(32.876037, -83.715417)
(32.877749, -117.235866)
(32.87912, -85.184931)
(32.900199, -105.949398)
(32.909757, -117.120261)
(32.909894, -117.243026)
(32.91856, -96.741711)
(32.92478, -85.945266)
(32.928767, -80.031276)
(32.93806, -97.012741)
(32.95518, -96.768201)
(32.983047, -80.072587)
(32.984673, -96.749702)
(33.038564, -85.043113)
(33.04571, -84.154508)
(33.07944, -83.224211)
(33.082787, -83.231962)
(33.10625, -86.865099)
(33.120531, -87.56148)
(33.130569, -117.159013)
(33.131561, -117.118524)
(33.136906, -117.160199)
(33.149483, -117.183978)
(33.16241, -96.63894)
(33.190483, -117.302606)
(33.200006, -87.585278)
(33.209446, -92.666087)
(33.211178, -97.148422)
(33.211875, -87.545978)
(33.226211, -97.127842)
(33.243745, -95.908451)
(33.255438, -84.291662)
(33.291618, -93.235922)
(33.293897, -111.795922)
(33.313167, -104.525718)
(33.314894, -111.860316)
(33.377712, -111.976087)
(33.382406, -112.032635)
(33.390323, -111.871255)
(33.39248, -111.853218)
(33.39428, -111.913584)
(33.396878, -111.87417)
(33.403079, -111.965808)
(33.407853, -111.889544)
(33.41128, -112.012761)
(33.413309, -111.97417)
(33.4163, -111.961365)
(33.417721, -111.934383)
(33.418992, -82.048439)
(33.420286, -111.964106)
(33.433472, -86.112704)
(33.435686, -112.054912)
(33.437779, -111.944197)
(33.441868, -94.078)
(33.442921, -86.862659)
(33.444906, -90.502053)
(33.448692, -111.989357)
(33.449686, -111.997077)
(33.450814, -86.888844)
(33.453005, -112.288123)
(33.454852, -88.790139)
(33.463786, -111.923861)
(33.464128, -86.791799)
(33.468466, -86.832465)
(33.47037, -81.989071)
(33.480722, -112.343158)
(33.481361, -112.088293)
(33.482442, -86.908751)
(33.493305, -88.418601)
(33.494994, -82.086986)
(33.497968, -80.848722)
(33.498444, -80.854319)
(33.505697, -86.799345)
(33.513231, -112.129929)
(33.513375, -86.80574)
(33.513774, -86.850552)
(33.514142, -90.341274)
(33.525983, -117.166502)
(33.530663, -112.064275)
(33.553346, -117.665584)
(33.565758, -112.104601)
(33.566102, -112.112473)
(33.56636, -112.154233)
(33.570226, -112.190735)
(33.57026, -112.116121)
(33.572704, -81.767612)
(33.573621, -85.097762)
(33.574109, -84.335896)
(33.575904, -102.365075)
(33.575973, -101.934426)
(33.583448, -101.874783)
(33.589284, -101.891915)
(33.590909, -91.811153)
(33.594079, -84.328174)
(33.608723, -112.118075)
(33.6188, -97.1658)
(33.6191, -83.871141)
(33.622952, -112.181776)
(33.628923, -112.368233)
(33.641665, -93.596762)
(33.64336, -84.018321)
(33.646345, -96.596331)
(33.648434, -117.841248)
(33.650929, -95.529177)
(33.652135, -112.009865)
(33.652535, -86.707233)
(33.653665, -117.812305)
(33.656401, -117.769012)
(33.662686, -117.900911)
(33.66927, -117.909086)
(33.675381, -117.777539)
(33.678879, -117.857636)
(33.684428, -112.121336)
(33.685537, -117.847973)
(33.70893, -84.404659)
(33.712009, -84.404995)
(33.715634, -117.929143)
(33.721058, -117.8478)
(33.732108, -116.388271)
(33.732531, -118.002568)
(33.734887, -118.333371)
(33.744745, -90.735365)
(33.745279, -84.411527)
(33.745982, -84.414917)
(33.747628, -84.412584)
(33.7527, -84.38667)
(33.753426, -84.385712)
(33.754218, -84.387251)
(33.759309, -117.887558)
(33.769268, -84.295459)
(33.77242, -84.394832)
(33.774741, -117.938395)
(33.775112, -84.297316)
(33.782818, -118.11204)
(33.785825, -118.283549)
(33.789898, -84.234504)
(33.790183, -84.325512)
(33.79302, -117.852518)
(33.794995, -79.011767)
(33.795449, -117.766762)
(33.79614, -79.003611)
(33.806748, -116.971169)
(33.81104, -117.911811)
(33.822938, -85.765321)
(33.826017, -118.145393)
(33.82833, -118.025143)
(33.833593, -118.135633)
(33.836929, -87.266406)
(33.8381, -117.950661)
(33.849912, -117.975599)
(33.851393, -117.922969)
(33.864766, -118.255917)
(33.874236, -84.275624)
(33.874809, -98.519386)
(33.875441, -84.333687)
(33.875514, -117.918255)
(33.87616, -117.88573)
(33.878226, -118.209463)
(33.881506, -117.885446)
(33.885229, -118.329913)
(33.886874, -118.097337)
(33.88744, -117.20271)
(33.887956, -84.303159)
(33.893016, -118.287234)
(33.900255, -84.543009)
(33.906203, -118.014374)
(33.910704, -117.500054)
(33.911943, -84.351949)
(33.9145, -117.485881)
(33.917387, -117.570212)
(33.91965, -118.115727)
(33.929092, -84.553722)
(33.929321, -117.425619)
(33.929586, -118.304674)
(33.932781, -84.514729)
(33.932923, -117.298365)
(33.933342, -80.37101)
(33.934121, -84.155475)
(33.934698, -80.373459)
(33.936024, -84.355252)
(33.938779, -84.354907)
(33.948914, -84.147864)
(33.949325, -81.115761)
(33.956262, -83.374039)
(33.956607, -118.416615)
(33.962763, -84.066224)
(33.97085, -118.415744)
(33.970918, -117.384323)
(33.97246, -117.32741)
(33.975392, -117.351755)
(33.978773, -118.032299)
(33.979409, -84.00459)
(33.986057, -118.226206)
(33.990183, -83.339598)
(33.994001, -85.991438)
(33.996788, -81.026935)
(34.002717, -117.339245)
(34.004512, -118.386664)
(34.006808, -96.376864)
(34.010348, -81.020045)
(34.012941, -81.020403)
(34.01512, -81.081809)
(34.017022, -118.469765)
(34.019821, -118.033506)
(34.021281, -118.284169)
(34.031907, -118.269447)
(34.037786, -118.707077)
(34.038807, -84.583052)
(34.040531, -118.148785)
(34.044112, -117.979559)
(34.044209, -118.25993)
(34.045581, -81.029967)
(34.047764, -117.846629)
(34.051241, -117.260605)
(34.057912, -117.821476)
(34.061409, -118.302836)
(34.06231, -118.306221)
(34.064218, -117.163218)
(34.065748, -117.58377)
(34.066591, -117.590035)
(34.066823, -117.283995)
(34.066927, -118.168965)
(34.067041, -106.905211)
(34.068204, -117.583814)
(34.068481, -117.5876)
(34.068584, -117.55038)
(34.068595, -117.571744)
(34.0694, -117.547733)
(34.07178, -118.442179)
(34.072071, -117.949583)
(34.072073, -117.26818)
(34.072439, -86.781935)
(34.07551, -81.07443)
(34.075984, -117.90946)
(34.079323, -118.292481)
(34.081723, -118.150013)
(34.082782, -117.576366)
(34.085315, -118.482879)
(34.086353, -117.313248)
(34.087301, -118.292169)
(34.098042, -80.961839)
(34.098338, -118.3284)
(34.099027, -117.714556)
(34.100855, -117.773262)
(34.101265, -118.337582)
(34.102154, -117.711188)
(34.104107, -117.706675)
(34.104147, -117.711294)
(34.106515, -117.709837)
(34.110723, -117.827484)
(34.126093, -93.052471)
(34.127124, -118.210908)
(34.128155, -93.059703)
(34.130047, -117.888375)
(34.13537, -117.886469)
(34.137349, -118.125878)
(34.144552, -118.118196)
(34.146167, -118.138047)
(34.147663, -117.573932)
(34.149771, -118.254719)
(34.152076, -118.335567)
(34.162949, -119.04356)
(34.166104, -119.157604)
(34.16745, -118.227666)
(34.169031, -118.185102)
(34.170205, -118.50213)
(34.175165, -118.421734)
(34.175592, -103.34819)
(34.17972, -118.538793)
(34.182622, -117.323801)
(34.183949, -118.575071)
(34.186407, -118.403627)
(34.187134, -118.39941)
(34.187677, -101.730042)
(34.189777, -79.652854)
(34.199892, -82.164736)
(34.201495, -86.169897)
(34.207415, -82.120635)
(34.208011, -118.341147)
(34.210309, -92.025936)
(34.224566, -118.878924)
(34.224673, -85.171361)
(34.225223, -77.875527)
(34.240126, -118.529319)
(34.240624, -77.948306)
(34.242761, -77.882359)
(34.243882, -79.81469)
(34.244031, -92.018683)
(34.257543, -85.196529)
(34.276519, -88.412073)
(34.277393, -119.230604)
(34.283641, -83.14822)
(34.285868, -81.619777)
(34.290414, -85.189202)
(34.301146, -118.834528)
(34.303117, -83.821513)
(34.314668, -118.4195)
(34.365529, -89.537434)
(34.37696, -80.070416)
(34.381755, -118.518193)
(34.39327, -118.566837)
(34.402483, -103.165886)
(34.403993, -118.568698)
(34.406788, -119.698045)
(34.416297, -119.846426)
(34.450151, -119.662517)
(34.465834, -81.87448)
(34.472231, -117.261456)
(34.491393, -97.99029)
(34.512687, -93.119248)
(34.5152, -82.640358)
(34.530219, -83.985694)
(34.547495, -112.453395)
(34.566042, -83.542126)
(34.591449, -94.219799)
(34.593414, -83.357617)
(34.596306, -83.748911)
(34.606487, -98.434163)
(34.625532, -89.969525)
(34.641914, -82.792015)
(34.668339, -88.562609)
(34.669018, -99.33699)
(34.675194, -79.00664)
(34.67613, -118.144328)
(34.676207, -118.186166)
(34.678236, -118.15638)
(34.679381, -82.835114)
(34.683587, -118.134968)
(34.688313, -79.200347)
(34.713115, -92.40692)
(34.723254, -92.339778)
(34.723681, -76.755538)
(34.724557, -86.640449)
(34.728068, -82.761586)
(34.736282, -80.787069)
(34.737131, -92.283015)
(34.739788, -87.678089)
(34.74563, -79.478567)
(34.749048, -92.320046)
(34.756344, -86.652705)
(34.77072, -82.461311)
(34.771687, -77.384785)
(34.771858, -86.572885)
(34.771934, -96.663849)
(34.774221, -85.002775)
(34.775996, -92.343582)
(34.776862, -89.446999)
(34.782783, -92.299184)
(34.783368, -86.568502)
(34.806738, -87.681361)
(34.806793, -86.964698)
(34.826212, -82.371178)
(34.85654, -82.357811)
(34.870285, -117.023412)
(34.874016, -82.365838)
(34.905252, -79.70964)
(34.914079, -95.328995)
(34.924173, -95.745999)
(34.924676, -82.440458)
(34.934416, -80.995273)
(34.941515, -81.031404)
(34.943716, -120.421144)
(34.955117, -81.970863)
(34.955269, -89.99937)
(34.955534, -81.917881)
(34.959411, -81.933568)
(34.974587, -81.989811)
(34.982789, -101.914736)
(34.986064, -80.44305)
(34.99086, -78.361136)
(34.996403, -81.970583)
(35.031392, -97.95641)
(35.039173, -94.633986)
(35.041655, -90.767726)
(35.047519, -85.300247)
(35.048254, -85.052088)
(35.057076, -81.649161)
(35.068851, -78.92658)
(35.071403, -89.989881)
(35.071878, -106.628861)
(35.073641, -78.891696)
(35.074176, -91.895351)
(35.077513, -89.899255)
(35.077945, -92.457672)
(35.083838, -92.445021)
(35.083868, -106.620155)
(35.08781, -106.68749)
(35.100202, -85.237389)
(35.101565, -92.443256)
(35.104855, -106.59488)
(35.111516, -77.102232)
(35.112892, -89.891723)
(35.118641, -90.034101)
(35.118878, -89.938068)
(35.127437, -89.983241)
(35.135058, -78.874426)
(35.138415, -90.027501)
(35.138532, -90.036723)
(35.145736, -90.22285)
(35.149343, -119.459751)
(35.150262, -90.039188)
(35.154405, -89.990803)
(35.166019, -84.871399)
(35.172136, -92.728507)
(35.181863, -80.927508)
(35.187839, -101.846988)
(35.188449, -111.653724)
(35.189051, -80.833509)
(35.200103, -84.879284)
(35.201019, -87.035661)
(35.208166, -78.069388)
(35.209407, -97.444211)
(35.217774, -80.829796)
(35.233502, -80.851208)
(35.234405, -77.571532)
(35.236763, -82.729494)
(35.243033, -80.857251)
(35.24732, -81.668141)
(35.247386, -91.726143)
(35.249515, -96.704908)
(35.260651, -81.041315)
(35.2682, -120.669519)
(35.279833, -81.492856)
(35.293237, -93.13562)
(35.299513, -120.657311)
(35.306022, -80.730919)
(35.30804, -82.425544)
(35.308979, -83.186258)
(35.312048, -81.18852)
(35.331276, -120.742235)
(35.336728, -81.911857)
(35.339895, -80.236303)
(35.347785, -97.578297)
(35.348575, -83.207129)
(35.350005, -119.104711)
(35.352848, -119.062071)
(35.360492, -96.932459)
(35.381617, -119.049925)
(35.384184, -94.373729)
(35.387699, -97.570109)
(35.403079, -77.945873)
(35.40911, -118.973753)
(35.409149, -78.738238)
(35.440611, -88.637964)
(35.44372, -97.414113)
(35.446331, -84.592728)
(35.471864, -79.143553)
(35.474969, -97.581959)
(35.476278, -93.467221)
(35.47928, -97.496289)
(35.495271, -97.541242)
(35.497209, -84.999552)
(35.499767, -80.843979)
(35.513295, -97.629504)
(35.518475, -97.974592)
(35.525905, -82.927918)
(35.535281, -98.707768)
(35.550591, -77.407203)
(35.570439, -82.554826)
(35.596233, -105.219197)
(35.60052, -97.640672)
(35.605305, -80.855128)
(35.605871, -105.998054)
(35.607186, -77.368291)
(35.610328, -82.442619)
(35.611412, -97.469526)
(35.616757, -87.101917)
(35.617068, -82.565392)
(35.626934, -95.940373)
(35.627378, -88.806535)
(35.639388, -80.48181)
(35.645571, -88.780005)
(35.646577, -82.2976)
(35.650151, -78.706126)
(35.6552, -97.471508)
(35.657778, -101.406005)
(35.670877, -80.483956)
(35.672814, -79.828538)
(35.676896, -88.858524)
(35.691443, -80.482751)
(35.699732, -81.28792)
(35.722876, -81.687345)
(35.730114, -77.895663)
(35.734376, -77.913867)
(35.739968, -81.327598)
(35.751505, -83.964223)
(35.767841, -78.727186)
(35.771181, -78.637693)
(35.777619, -91.625354)
(35.782814, -80.894083)
(35.785111, -78.674517)
(35.785468, -78.621301)
(35.789139, -78.637697)
(35.792923, -91.615852)
(35.799351, -78.689995)
(35.82752, -82.551827)
(35.842388, -90.679988)
(35.845661, -86.41026)
(35.848005, -86.360618)
(35.854604, -81.484148)
(35.86546, -78.822452)
(35.880911, -84.620051)
(35.886153, -106.319557)
(35.911769, -79.050969)
(35.919939, -94.967229)
(35.948303, -84.166504)
(35.952082, -83.925852)
(35.957, -83.964151)
(35.958283, -83.97362)
(35.972035, -79.994675)
(35.974237, -78.898602)
(35.974768, -78.8817)
(35.981858, -78.513755)
(35.99846, -79.92062)
(36.001135, -78.937624)
(36.004073, -106.084395)
(36.019665, -77.773982)
(36.037762, -79.840799)
(36.047565, -89.390791)
(36.049129, -95.952547)
(36.049256, -119.014368)
(36.050549, -87.366455)
(36.068236, -79.809414)
(36.06854, -80.272215)
(36.070009, -94.176981)
(36.071082, -79.800232)
(36.07282, -79.773375)
(36.073182, -115.064633)
(36.076183, -80.235672)
(36.089554, -80.225033)
(36.094233, -79.887737)
(36.09589, -115.206821)
(36.101615, -95.905178)
(36.104148, -79.50344)
(36.106047, -115.138462)
(36.106253, -86.799791)
(36.106788, -95.90825)
(36.113428, -95.887481)
(36.114105, -115.102238)
(36.122934, -83.491709)
(36.123085, -97.069743)
(36.132649, -86.856335)
(36.133609, -80.277446)
(36.134857, -86.857342)
(36.135589, -86.794807)
(36.136617, -81.182994)
(36.137848, -88.516762)
(36.141324, -86.754238)
(36.1456, -115.171331)
(36.14659, -86.803369)
(36.147552, -115.298988)
(36.147891, -120.356747)
(36.148202, -95.954378)
(36.152324, -95.945941)
(36.158114, -115.233099)
(36.166321, -86.828275)
(36.167087, -86.804805)
(36.172435, -82.760818)
(36.174754, -85.504039)
(36.176642, -95.878902)
(36.185176, -115.313525)
(36.187738, -86.842536)
(36.189812, -94.560283)
(36.194393, -86.744005)
(36.203875, -115.255585)
(36.204514, -86.298782)
(36.204643, -83.299503)
(36.213179, -83.262503)
(36.215536, -81.680583)
(36.219909, -93.08844)
(36.277978, -76.214041)
(36.294408, -95.309265)
(36.300147, -82.29407)
(36.301643, -82.366954)
(36.321437, -95.635718)
(36.323877, -119.315182)
(36.323887, -78.487651)
(36.324885, -76.219765)
(36.340338, -88.864211)
(36.344669, -119.38533)
(36.357704, -94.17289)
(36.362518, -86.497127)
(36.436258, -77.099141)
(36.533319, -87.354081)
(36.565286, -79.408803)
(36.577287, -79.413203)
(36.578508, -83.660198)
(36.582865, -87.312856)
(36.585309, -82.159421)
(36.590558, -121.884931)
(36.605428, -119.458555)
(36.612419, -88.323629)
(36.616019, -93.238174)
(36.652397, -121.796178)
(36.674527, -76.93757)
(36.675091, -121.666054)
(36.678649, -97.295887)
(36.698866, -82.001118)
(36.717453, -95.95671)
(36.726831, -119.735199)
(36.729574, -91.857838)
(36.737048, -84.161646)
(36.768164, -119.796096)
(36.770446, -108.169468)
(36.776571, -90.429769)
(36.782858, -119.789002)
(36.796658, -98.667673)
(36.801173, -76.194627)
(36.811154, -119.744569)
(36.814906, -94.368315)
(36.827826, -76.13819)
(36.834459, -119.690369)
(36.83679, -119.723249)
(36.842526, -76.178773)
(36.848429, -76.261375)
(36.8501, -76.289904)
(36.854421, -82.758277)
(36.868417, -76.18606)
(36.870875, -83.888477)
(36.877255, -94.867248)
(36.882654, -87.488297)
(36.886418, -76.30666)
(36.88686, -119.731261)
(36.95731, -81.071181)
(36.966051, -82.997661)
(36.970602, -82.559656)
(36.972627, -121.569842)
(36.984827, -86.476717)
(36.985035, -86.456828)
(36.989448, -121.924797)
(36.995584, -122.058801)
(37.019944, -76.339161)
(37.033814, -95.621374)
(37.054081, -88.658762)
(37.059599, -84.617546)
(37.059807, -100.917695)
(37.061668, -97.043075)
(37.062495, -76.494364)
(37.063821, -76.420046)
(37.095155, -94.461689)
(37.098418, -113.591475)
(37.101502, -85.299997)
(37.102769, -113.565903)
(37.103172, -94.510622)
(37.105239, -80.69605)
(37.136907, -80.549728)
(37.172059, -104.513451)
(37.199258, -93.281281)
(37.216479, -93.279985)
(37.218523, -93.286693)
(37.219681, -93.286192)
(37.220956, -93.262614)
(37.225116, -93.290233)
(37.229012, -80.423675)
(37.234692, -77.419026)
(37.234897, -83.175644)
(37.244557, -81.246233)
(37.245029, -79.973011)
(37.248411, -121.777062)
(37.248608, -96.975405)
(37.26398, -122.008324)
(37.265732, -81.239037)
(37.269489, -76.708214)
(37.275939, -107.867422)
(37.285896, -83.205298)
(37.294861, -80.055467)
(37.299743, -80.023602)
(37.301137, -78.39575)
(37.30167, -121.76561)
(37.311107, -89.531187)
(37.315827, -121.926185)
(37.319914, -122.045783)
(37.3353, -120.476464)
(37.336569, -121.880621)
(37.339062, -95.255368)
(37.343342, -85.348943)
(37.346254, -77.407919)
(37.348362, -121.93784)
(37.350232, -79.18222)
(37.354201, -79.943277)
(37.358809, -79.184238)
(37.361655, -122.127964)
(37.368642, -121.969541)
(37.391935, -121.980783)
(37.392071, -94.702473)
(37.399774, -79.181653)
(37.414049, -121.94087)
(37.423723, -81.006696)
(37.429434, -122.167359)
(37.44877, -122.265398)
(37.453475, -122.190797)
(37.473636, -105.879642)
(37.479232, -82.521063)
(37.50904, -121.961761)
(37.52577, -120.852511)
(37.52773, -121.916339)
(37.535698, -122.334801)
(37.547377, -122.307618)
(37.54962, -77.452697)
(37.562405, -77.450903)
(37.57202, -84.292893)
(37.577393, -77.538806)
(37.58153, -77.488437)
(37.602425, -93.407056)
(37.63042, -122.467335)
(37.636837, -77.473918)
(37.642458, -122.105636)
(37.645709, -84.779392)
(37.651056, -121.009792)
(37.656976, -97.371819)
(37.657694, -122.054135)
(37.670672, -95.464976)
(37.672643, -97.37768)
(37.674617, -113.070146)
(37.678459, -97.367048)
(37.688248, -82.778847)
(37.692858, -85.879927)
(37.710873, -121.80058)
(37.714193, -89.217273)
(37.718882, -97.292361)
(37.721224, -122.476799)
(37.725953, -122.451155)
(37.740368, -79.35037)
(37.740845, -84.300796)
(37.744489, -87.119658)
(37.747453, -89.09021)
(37.76043, -77.478416)
(37.767485, -122.399451)
(37.76767, -81.136085)
(37.769041, -87.111639)
(37.775924, -81.184072)
(37.776618, -122.450477)
(37.776891, -100.037481)
(37.781017, -122.279303)
(37.781425, -122.182294)
(37.787943, -122.400578)
(37.788939, -79.443018)
(37.789088, -122.167335)
(37.789374, -122.398969)
(37.7896, -79.437067)
(37.797257, -122.26283)
(37.802276, -122.187804)
(37.806699, -96.882987)
(37.816206, -94.715334)
(37.82029, -122.266331)
(37.840731, -122.109031)
(37.841898, -122.287672)
(37.845199, -90.481847)
(37.851756, -82.023014)
(37.862029, -84.662606)
(37.869769, -122.269877)
(37.871918, -122.260463)
(37.908696, -121.231507)
(37.938038, -95.396377)
(37.953426, -91.775583)
(37.954897, -122.549149)
(37.962374, -87.677214)
(37.968516, -122.073142)
(37.969381, -122.337377)
(37.969984, -103.544874)
(37.970151, -100.848082)
(37.971549, -87.531644)
(37.976815, -121.801607)
(37.981279, -122.512051)
(37.981424, -121.312301)
(37.995562, -121.317597)
(37.99756, -121.308461)
(38.006474, -121.860967)
(38.006895, -78.483707)
(38.024808, -84.503665)
(38.035665, -78.503428)
(38.038911, -84.504747)
(38.052983, -84.493202)
(38.068035, -97.92135)
(38.069061, -122.231551)
(38.153884, -79.069273)
(38.186768, -83.434021)
(38.190904, -76.429097)
(38.201427, -84.855402)
(38.207386, -75.686852)
(38.207615, -84.553767)
(38.212824, -85.670489)
(38.216862, -85.760412)
(38.219279, -85.704997)
(38.235881, -122.122368)
(38.242407, -85.757725)
(38.246027, -85.753615)
(38.248216, -85.687649)
(38.262124, -104.636258)
(38.274081, -122.274381)
(38.277005, -85.695972)
(38.302492, -77.476055)
(38.30859, -104.579033)
(38.333367, -81.616244)
(38.338805, -82.945561)
(38.340274, -122.677066)
(38.340891, -87.35144)
(38.345191, -85.819985)
(38.34648, -75.604815)
(38.348606, -97.200949)
(38.353846, -81.6983)
(38.357978, -97.668597)
(38.371422, -97.642996)
(38.378484, -78.969007)
(38.380541, -81.765034)
(38.392635, -82.458186)
(38.414784, -96.179021)
(38.422482, -82.428964)
(38.42889, -87.778448)
(38.436311, -78.870484)
(38.45295, -121.423108)
(38.45709, -122.718974)
(38.469201, -82.650664)
(38.471134, -78.880326)
(38.494532, -121.454197)
(38.516406, -89.924466)
(38.524781, -82.666876)
(38.539667, -121.749567)
(38.541096, -121.491139)
(38.544635, -90.470904)
(38.549936, -106.919132)
(38.556151, -121.371331)
(38.559415, -121.423549)
(38.564431, -92.166724)
(38.580598, -97.67367)
(38.587784, -121.415767)
(38.588875, -90.345151)
(38.603173, -95.264187)
(38.608154, -89.816822)
(38.631744, -90.224288)
(38.636801, -90.2351)
(38.637165, -90.258772)
(38.641526, -90.462586)
(38.642697, -90.315712)
(38.644774, -90.505998)
(38.64575, -121.529503)
(38.647929, -90.310604)
(38.65085, -121.349672)
(38.653303, -90.248465)
(38.660392, -121.73533)
(38.661372, -121.127486)
(38.687766, -87.519939)
(38.696423, -93.268028)
(38.710312, -90.311091)
(38.715642, -85.460051)
(38.730867, -82.993769)
(38.735913, -88.099589)
(38.745678, -90.437078)
(38.759111, -93.737428)
(38.759703, -90.641105)
(38.764287, -104.787261)
(38.778712, -95.187346)
(38.785425, -90.501286)
(38.790773, -121.211688)
(38.793949, -89.997779)
(38.801799, -77.083035)
(38.813795, -97.607973)
(38.827438, -76.918039)
(38.829976, -77.307428)
(38.832183, -104.78721)
(38.833361, -77.236718)
(38.84886, -104.822697)
(38.849354, -91.955273)
(38.860287, -91.950416)
(38.872156, -99.342503)
(38.875615, -94.781635)
(38.888689, -76.824623)
(38.890995, -77.085294)
(38.892735, -104.800296)
(38.894162, -89.40824)
(38.894265, -104.833928)
(38.905562, -77.128785)
(38.910459, -77.220505)
(38.912706, -76.847584)
(38.91339, -94.591758)
(38.92258, -94.771491)
(38.924125, -94.727798)
(38.931232, -79.846022)
(38.93547, -80.834295)
(38.938335, -94.529762)
(38.938834, -95.232879)
(38.94531, -92.328843)
(38.949983, -76.866209)
(38.951624, -90.194405)
(38.957388, -92.326354)
(38.958549, -95.247567)
(38.960638, -84.633478)
(38.980507, -76.481692)
(38.986349, -77.000608)
(38.988178, -76.944721)
(38.990661, -80.218969)
(39.010957, -104.891358)
(39.017166, -84.641475)
(39.018185, -76.759721)
(39.022963, -84.568923)
(39.029714, -84.463483)
(39.032318, -94.573003)
(39.033778, -95.702222)
(39.034179, -94.582141)
(39.04497, -95.751158)
(39.046353, -94.583594)
(39.049813, -76.512223)
(39.068668, -94.58966)
(39.080643, -108.553275)
(39.080645, -84.19437)
(39.095893, -84.639453)
(39.098656, -77.15929)
(39.108522, -93.190654)
(39.116346, -108.53062)
(39.121821, -84.509564)
(39.121911, -94.748061)
(39.126536, -121.53964)
(39.126921, -84.500166)
(39.131159, -84.51428)
(39.149547, -84.47465)
(39.149915, -84.536936)
(39.150497, -92.685253)
(39.158067, -80.047728)
(39.163182, -75.527716)
(39.16609, -86.526559)
(39.167355, -78.157433)
(39.174673, -76.836463)
(39.185691, -94.573185)
(39.186158, -119.79036)
(39.187173, -75.54053)
(39.188648, -96.581077)
(39.189256, -94.679041)
(39.198371, -75.56012)
(39.213636, -76.877964)
(39.216379, -81.506192)
(39.217329, -76.06878)
(39.234333, -84.399956)
(39.236924, -83.614085)
(39.247844, -94.413126)
(39.256686, -76.711607)
(39.264664, -76.544942)
(39.279396, -94.906743)
(39.283312, -84.444969)
(39.283693, -84.365946)
(39.286864, -76.623983)
(39.287826, -77.860121)
(39.305834, -76.616591)
(39.308792, -76.621033)
(39.309556, -76.749455)
(39.311258, -76.658687)
(39.319978, -76.662878)
(39.326798, -82.100985)
(39.328977, -76.621595)
(39.329404, -83.002175)
(39.344161, -76.585565)
(39.346358, -76.621872)
(39.350612, -76.619739)
(39.352647, -76.48211)
(39.360177, -111.58296)
(39.377448, -84.563385)
(39.377601, -101.052744)
(39.393622, -76.611164)
(39.403271, -76.604593)
(39.410175, -76.594843)
(39.41668, -81.450045)
(39.416969, -88.380835)
(39.418607, -92.455064)
(39.420631, -77.419049)
(39.433071, -77.804101)
(39.438323, -78.981441)
(39.441954, -82.220791)
(39.444744, -83.818342)
(39.452241, -77.417849)
(39.463165, -119.786947)
(39.469073, -87.407846)
(39.478298, -86.047182)
(39.479843, -88.175658)
(39.483057, -80.162447)
(39.483079, -80.162433)
(39.483602, -87.326749)
(39.486897, -77.959272)
(39.48705, -77.959701)
(39.492036, -74.531087)
(39.507757, -84.732954)
(39.523776, -84.35724)
(39.543642, -119.815377)
(39.54636, -107.324441)
(39.571402, -119.796975)
(39.572646, -95.111473)
(39.584231, -77.001992)
(39.607505, -105.018631)
(39.613155, -82.904885)
(39.631009, -77.667379)
(39.63248, -79.955006)
(39.634371, -79.954391)
(39.640904, -86.860363)
(39.644364, -84.146046)
(39.650918, -78.934293)
(39.652152, -78.730398)
(39.673548, -104.870151)
(39.678005, -104.963259)
(39.679577, -75.752822)
(39.681705, -77.351887)
(39.682299, -75.586998)
(39.68614, -104.939111)
(39.695052, -84.192006)
(39.698756, -75.47013)
(39.709108, -75.119119)
(39.709571, -86.133969)
(39.71388, -105.09456)
(39.71788, -104.802673)
(39.720277, -105.150094)
(39.721211, -89.611249)
(39.723705, -104.789683)
(39.724786, -104.786666)
(39.729015, -91.39094)
(39.729524, -89.616796)
(39.729712, -121.844859)
(39.7313, -90.246171)
(39.739547, -84.176113)
(39.741413, -105.001044)
(39.741501, -75.689624)
(39.74332, -105.069911)
(39.744202, -105.00504)
(39.745149, -104.837722)
(39.74575, -104.985751)
(39.749237, -83.814692)
(39.751443, -105.223364)
(39.75303, -104.994725)
(39.7575, -94.785643)
(39.757598, -84.200628)
(39.772948, -86.172217)
(39.77651, -104.856171)
(39.780634, -84.064881)
(39.781339, -75.121269)
(39.784874, -75.038381)
(39.788175, -105.030756)
(39.803753, -86.158213)
(39.807723, -75.926458)
(39.807941, -75.061659)
(39.813233, -86.202643)
(39.823431, -84.915037)
(39.831679, -105.00252)
(39.836597, -77.236792)
(39.8374, -86.172167)
(39.840996, -89.595331)
(39.842612, -88.976298)
(39.861689, -75.355363)
(39.866057, -75.303038)
(39.874876, -75.440022)
(39.883887, -88.894125)
(39.884503, -86.246276)
(39.896411, -83.799788)
(39.899871, -80.186205)
(39.901452, -105.038068)
(39.905159, -75.354278)
(39.91844, -86.109501)
(39.932274, -75.529262)
(39.934029, -83.815445)
(39.938898, -91.385975)
(39.940449, -82.940493)
(39.945483, -75.166332)
(39.946017, -75.165888)
(39.94614, -76.727984)
(39.946412, -75.207001)
(39.948064, -75.12224)
(39.948274, -75.158266)
(39.94847, -74.955631)
(39.949659, -77.650712)
(39.950929, -75.19391)
(39.953398, -75.59812)
(39.954875, -82.937867)
(39.955217, -75.190051)
(39.956625, -83.021501)
(39.95831, -82.990375)
(39.96098, -82.031063)
(39.96241, -82.031198)
(39.962458, -75.165604)
(39.966074, -82.989479)
(39.966724, -75.39308)
(39.96887, -82.98766)
(39.972205, -74.894464)
(39.980546, -75.156859)
(39.983475, -105.250075)
(39.992432, -76.660321)
(39.992764, -82.940689)
(39.994442, -75.238343)
(39.996585, -81.737127)
(39.999324, -83.014853)
(40.000337, -76.357381)
(40.007452, -75.305207)
(40.007809, -74.16549)
(40.008781, -105.270823)
(40.022582, -75.314801)
(40.02736, -75.313223)
(40.027981, -75.570711)
(40.037588, -86.906)
(40.037951, -76.288718)
(40.037979, -75.153061)
(40.039388, -75.345457)
(40.048045, -76.319037)
(40.050448, -75.370316)
(40.056355, -75.375263)
(40.057933, -77.522335)
(40.060419, -76.247035)
(40.060581, -74.986451)
(40.063318, -80.721263)
(40.064964, -79.88679)
(40.068722, -75.157038)
(40.069314, -82.447441)
(40.070513, -75.685133)
(40.070873, -80.690804)
(40.071505, -82.523272)
(40.075347, -76.287761)
(40.078096, -93.617353)
(40.083063, -82.900188)
(40.084407, -82.901039)
(40.08678, -75.228742)
(40.08714, -75.104786)
(40.092606, -75.163876)
(40.09568, -74.2221)
(40.097992, -74.870959)
(40.099617, -74.228186)
(40.101644, -75.394652)
(40.104718, -88.229114)
(40.112768, -85.664315)
(40.125327, -82.936444)
(40.127539, -87.587884)
(40.131963, -88.290359)
(40.137976, -74.965749)
(40.147019, -82.941874)
(40.149236, -76.593224)
(40.155442, -89.36153)
(40.156579, -76.988269)
(40.165809, -74.909509)
(40.170622, -80.24049)
(40.175609, -75.276093)
(40.188267, -92.581658)
(40.193023, -75.456505)
(40.202796, -77.197854)
(40.202804, -75.236601)
(40.203431, -85.409043)
(40.220487, -74.768562)
(40.245294, -111.68431)
(40.250851, -111.649281)
(40.258792, -103.771822)
(40.26193, -76.880261)
(40.26408, -78.837175)
(40.265957, -78.834163)
(40.268651, -74.778791)
(40.276447, -79.532676)
(40.278796, -74.737833)
(40.280066, -74.006447)
(40.281078, -111.716456)
(40.29265, -79.403762)
(40.295963, -83.069757)
(40.296777, -76.886408)
(40.298659, -75.158452)
(40.3049, -76.934461)
(40.309407, -79.557433)
(40.310028, -75.936754)
(40.330604, -76.514431)
(40.334861, -75.935086)
(40.348732, -74.659365)
(40.350804, -79.926575)
(40.351692, -94.883339)
(40.361351, -75.909742)
(40.372901, -82.471074)
(40.374408, -82.397977)
(40.376056, -80.672337)
(40.376919, -80.620524)
(40.409559, -104.763415)
(40.410855, -104.692777)
(40.419941, -111.886031)
(40.428206, -86.914435)
(40.43589, -79.993123)
(40.438768, -80.002061)
(40.439293, -79.963448)
(40.44357, -79.941993)
(40.444388, -79.953254)
(40.448432, -79.926083)
(40.450908, -80.018453)
(40.456246, -85.497034)
(40.459679, -78.600898)
(40.460062, -86.132048)
(40.465286, -79.823825)
(40.465934, -74.438877)
(40.467736, -81.407707)
(40.468086, -90.686899)
(40.489901, -88.992014)
(40.498769, -74.446251)
(40.500523, -78.017292)
(40.504728, -74.366544)
(40.506734, -78.63904)
(40.509403, -88.990058)
(40.513561, -75.783933)
(40.517937, -85.667503)
(40.520415, -80.210468)
(40.527932, -111.892792)
(40.53301, -89.014776)
(40.554506, -74.474974)
(40.55934, -74.309058)
(40.568615, -80.014851)
(40.574805, -105.080732)
(40.577017, -83.089156)
(40.577222, -73.935812)
(40.577779, -83.090597)
(40.586318, -75.519221)
(40.59025, -98.374403)
(40.591908, -75.568979)
(40.596416, -75.508502)
(40.601831, -74.14849)
(40.605584, -74.179757)
(40.605982, -74.404293)
(40.606822, -75.380236)
(40.608783, -73.958977)
(40.61334, -122.332981)
(40.615588, -74.092913)
(40.616966, -80.576702)
(40.617531, -79.159332)
(40.622952, -96.950932)
(40.625731, -122.317982)
(40.630947, -75.383638)
(40.631517, -73.949898)
(40.634863, -73.985376)
(40.637215, -103.197329)
(40.642287, -89.543531)
(40.655601, -80.305876)
(40.66474, -75.610715)
(40.666256, -73.957076)
(40.668595, -74.319138)
(40.669694, -73.938778)
(40.671575, -111.942809)
(40.67253, -75.32351)
(40.677981, -74.233503)
(40.684326, -111.870034)
(40.68481, -111.869752)
(40.685819, -111.870502)
(40.685941, -73.626183)
(40.690418, -73.967664)
(40.691297, -73.96431)
(40.691464, -73.986076)
(40.692999, -84.149151)
(40.693228, -73.992164)
(40.695483, -73.987856)
(40.696896, -89.616786)
(40.69956, -75.209786)
(40.701452, -99.098699)
(40.701576, -73.796313)
(40.705687, -73.959113)
(40.705781, -74.014004)
(40.705798, -74.015605)
(40.706359, -74.274929)
(40.707235, -89.52485)
(40.708706, -74.014702)
(40.709937, -74.08727)
(40.711014, -74.004719)
(40.71482, -89.269624)
(40.714894, -73.831156)
(40.715959, -73.60078)
(40.71879, -74.011826)
(40.721439, -73.653321)
(40.722523, -73.796104)
(40.727105, -74.071541)
(40.728029, -73.501125)
(40.728148, -73.991609)
(40.728872, -73.595286)
(40.72921, -73.858441)
(40.729452, -73.997264)
(40.7303, -74.062903)
(40.730779, -111.855757)
(40.735182, -73.816098)
(40.735508, -73.997114)
(40.738347, -84.026319)
(40.738444, -74.178234)
(40.738809, -73.982359)
(40.739122, -74.175809)
(40.740238, -73.983417)
(40.741997, -74.177113)
(40.742336, -74.246027)
(40.7445, -73.935057)
(40.744776, -74.025334)
(40.744812, -75.018309)
(40.746384, -73.99567)
(40.74731, -73.994781)
(40.747747, -73.983492)
(40.748612, -73.983822)
(40.75043, -73.941511)
(40.75281, -73.984131)
(40.753199, -73.989404)
(40.753986, -73.979458)
(40.754224, -73.42832)
(40.755481, -73.756656)
(40.757105, -73.986466)
(40.759865, -73.975054)
(40.760109, -73.829457)
(40.761829, -74.424584)
(40.762484, -111.846044)
(40.762917, -84.157004)
(40.76528, -111.890777)
(40.766096, -111.890573)
(40.7662, -83.827441)
(40.768348, -73.881721)
(40.768669, -73.964795)
(40.768787, -73.959767)
(40.770351, -73.98841)
(40.77113, -111.9002)
(40.772275, -73.987549)
(40.772518, -80.321826)
(40.774498, -74.432121)
(40.774778, -96.651095)
(40.775194, -81.922936)
(40.7804, -89.682864)
(40.78182, -74.438221)
(40.784113, -73.82885)
(40.794506, -73.369348)
(40.795105, -74.194309)
(40.7965, -77.862848)
(40.796768, -96.651532)
(40.797502, -76.875329)
(40.799021, -73.571907)
(40.802495, -73.943356)
(40.807217, -73.795309)
(40.808286, -73.961885)
(40.810098, -73.963346)
(40.81046, -81.934674)
(40.81079, -96.62818)
(40.812447, -73.6078)
(40.81357, -73.763004)
(40.814496, -91.171881)
(40.817598, -96.700508)
(40.81812, -73.926759)
(40.819846, -73.948542)
(40.820714, -73.593678)
(40.825662, -81.376863)
(40.829364, -79.911433)
(40.832753, -74.272571)
(40.833434, -73.9458)
(40.839098, -96.64831)
(40.841102, -74.180997)
(40.84343, -115.767274)
(40.84764, -74.833644)
(40.848963, -73.056165)
(40.850605, -73.929873)
(40.858112, -73.912043)
(40.859141, -74.579873)
(40.859354, -73.882705)
(40.860414, -74.198141)
(40.861755, -82.321061)
(40.862137, -74.057936)
(40.864459, -73.900215)
(40.867272, -74.096452)
(40.868568, -81.43731)
(40.870597, -81.439017)
(40.872962, -73.895379)
(40.873516, -74.130158)
(40.873908, -81.369931)
(40.877481, -124.078293)
(40.885499, -74.255794)
(40.885847, -74.040491)
(40.889582, -98.372549)
(40.889756, -73.901893)
(40.895606, -83.899439)
(40.897209, -74.028986)
(40.898152, -85.497317)
(40.898587, -74.189483)
(40.905256, -81.111029)
(40.913657, -73.908887)
(40.91476, -73.12046)
(40.914824, -90.63731)
(40.914853, -97.089054)
(40.915145, -74.057574)
(40.918449, -74.168778)
(40.925725, -73.788046)
(40.9355, -73.843727)
(40.943064, -90.373165)
(40.943382, -73.82202)
(40.945255, -74.200248)
(40.951782, -74.088804)
(40.954317, -76.882616)
(40.973791, -91.552459)
(40.99599, -75.173905)
(41.00782, -76.447844)
(41.010549, -85.762643)
(41.017781, -91.967306)
(41.021626, -73.874447)
(41.02817, -81.493109)
(41.028956, -111.925227)
(41.032187, -73.715645)
(41.033687, -73.784404)
(41.041576, -73.936799)
(41.045105, -92.394736)
(41.047223, -73.701955)
(41.047419, -73.950555)
(41.053344, -83.652313)
(41.056081, -73.542206)
(41.057866, -74.131486)
(41.062719, -80.045965)
(41.067633, -74.758079)
(41.068458, -73.789669)
(41.073437, -94.380906)
(41.076613, -85.115424)
(41.078365, -85.116479)
(41.078551, -81.511679)
(41.080942, -74.174086)
(41.083771, -74.148846)
(41.087205, -85.177246)
(41.098178, -87.851047)
(41.102574, -73.450965)
(41.104288, -104.778789)
(41.104928, -80.64659)
(41.110429, -100.748417)
(41.114682, -74.070243)
(41.114833, -83.168387)
(41.117278, -85.108962)
(41.118316, -83.184197)
(41.119272, -80.331017)
(41.133929, -74.085969)
(41.1382062, -74.029573)
(41.141517, -77.460108)
(41.143856, -81.470433)
(41.146653, -81.342533)
(41.150225, -95.91764)
(41.155237, -87.875165)
(41.1558, -80.081481)
(41.157673, -73.255903)
(41.164741, -73.190166)
(41.169646, -73.149023)
(41.175228, -73.191003)
(41.192591, -111.944845)
(41.194728, -75.991095)
(41.207805, -79.377501)
(41.220893, -73.243332)
(41.22595, -85.814228)
(41.234145, -77.023665)
(41.240028, -96.021425)
(41.244199, -75.890262)
(41.24666, -77)
(41.250097, -75.879822)
(41.256312, -95.973966)
(41.258769, -96.008516)
(41.259165, -95.974847)
(41.264286, -111.964808)
(41.265361, -95.947811)
(41.265973, -96.048511)
(41.267503, -72.976966)
(41.271974, -73.132014)
(41.272168, -95.797975)
(41.278748, -80.836233)
(41.291314, -72.961472)
(41.291992, -82.216795)
(41.296842, -84.357075)
(41.30354, -105.621161)
(41.303785, -72.927682)
(41.310111, -92.647095)
(41.310451, -95.957829)
(41.3107, -81.143981)
(41.311158, -72.926688)
(41.311773, -105.57931)
(41.316419, -72.065336)
(41.328013, -72.09523)
(41.332519, -72.923848)
(41.333225, -72.947897)
(41.333864, -74.161179)
(41.345277, -75.971541)
(41.365503, -93.563471)
(41.373017, -81.851145)
(41.375513, -83.640896)
(41.375823, -72.101583)
(41.379833, -72.107321)
(41.390479, -73.956603)
(41.400365, -73.444264)
(41.401539, -92.922199)
(41.404607, -81.781757)
(41.406556, -75.656915)
(41.411556, -75.658963)
(41.413005, -122.38909)
(41.413293, -82.073549)
(41.41354, -80.384383)
(41.418915, -72.894117)
(41.434587, -75.634142)
(41.43674, -96.488008)
(41.438629, -74.426028)
(41.462239, -87.040172)
(41.471545, -71.30124)
(41.477283, -90.447799)
(41.484691, -71.527356)
(41.491321, -81.531338)
(41.494906, -81.683533)
(41.497035, -81.465118)
(41.500535, -88.180985)
(41.502281, -81.674355)
(41.502365, -90.55057)
(41.506894, -81.516617)
(41.507419, -81.609596)
(41.509945, -72.103039)
(41.510435, -81.602416)
(41.513872, -74.012655)
(41.522179, -90.574459)
(41.525316, -87.638943)
(41.532225, -88.096057)
(41.535549, -73.081497)
(41.539516, -72.611838)
(41.54065, -90.579854)
(41.549749, -73.072963)
(41.554665, -72.657146)
(41.555617, -73.039242)
(41.557324, -87.337249)
(41.558969, -75.777456)
(41.563582, -85.827795)
(41.582662, -83.683042)
(41.584324, -87.474236)
(41.587998, -83.538634)
(41.590964, -109.237126)
(41.594559, -93.626238)
(41.60129, -93.652163)
(41.605432, -88.079032)
(41.606427, -87.619123)
(41.620813, -93.604352)
(41.62869, -71.004552)
(41.632502, -85.008009)
(41.637463, -81.364723)
(41.64869, -80.147168)
(41.650214, -71.260374)
(41.658319, -83.552538)
(41.659236, -72.754498)
(41.660572, -83.614714)
(41.661783, -71.502892)
(41.661935, -91.536425)
(41.665324, -86.221991)
(41.667687, -87.783973)
(41.671008, -87.494123)
(41.678399, -86.194686)
(41.686895, -73.895088)
(41.688246, -72.767972)
(41.691911, -70.337334)
(41.692502, -72.765991)
(41.694613, -87.836915)
(41.703058, -86.238959)
(41.705498, -72.87754)
(41.707199, -87.714749)
(41.707274, -86.256947)
(41.707348, -93.611597)
(41.709997, -87.589249)
(41.710009, -83.706108)
(41.712817, -71.481509)
(41.714006, -83.680536)
(41.717841, -81.251817)
(41.718446, -87.609384)
(41.720937, -73.935484)
(41.721673, -72.218753)
(41.721994, -71.119133)
(41.724245, -73.904652)
(41.739072, -70.624084)
(41.740748, -111.81391)
(41.740936, -74.082188)
(41.742977, -72.64032)
(41.745806, -73.933231)
(41.747451, -72.690882)
(41.747952, -92.722094)
(41.753631, -88.349023)
(41.755955, -87.723981)
(41.756188, -111.850619)
(41.761625, -72.561939)
(41.762673, -72.672175)
(41.768397, -72.672734)
(41.77576, -88.14279)
(41.777569, -88.097307)
(41.780253, -87.643425)
(41.781041, -72.72965)
(41.787994, -87.599539)
(41.798591, -72.715213)
(41.80697, -88.104)
(41.807467, -77.073901)
(41.809098, -72.249948)
(41.819956, -71.41277)
(41.824303, -87.762306)
(41.825935, -71.407692)
(41.82617, -71.40385)
(41.82623, -71.889673)
(41.8313, -87.627321)
(41.841577, -88.071635)
(41.842415, -71.46556)
(41.842742, -71.437446)
(41.870176, -88.099643)
(41.870717, -80.121318)
(41.871837, -87.650503)
(41.874261, -87.624667)
(41.875705, -103.64249)
(41.876055, -87.624952)
(41.877618, -87.62724)
(41.878092, -87.675321)
(41.880093, -87.624699)
(41.88053, -87.63739)
(41.88105, -87.625758)
(41.882558, -87.627413)
(41.886067, -87.626596)
(41.888296, -80.830377)
(41.897164, -87.945369)
(41.897822, -87.633459)
(41.898591, -84.061481)
(41.898696, -87.809482)
(41.902678, -87.823003)
(41.905577, -87.832162)
(41.905624, -84.018841)
(41.90748, -87.685291)
(41.911268, -91.651172)
(41.916082, -87.841056)
(41.920092, -71.539547)
(41.920668, -73.058734)
(41.924554, -91.423741)
(41.933682, -84.633195)
(41.933869, -88.766428)
(41.9385, -71.47748)
(41.94219, -87.69146)
(41.943415, -78.673701)
(41.949727, -88.038558)
(41.958774, -87.787868)
(41.963859, -86.355815)
(41.964502, -87.659107)
(41.966637, -71.183979)
(41.972414, -87.662806)
(41.975268, -87.709948)
(41.980399, -87.718983)
(41.98749, -70.974553)
(41.988263, -91.658192)
(41.998409, -72.570177)
(42.000765, -87.656872)
(42.001931, -91.650991)
(42.018066, -88.32194)
(42.020386, -73.909927)
(42.026212, -93.648504)
(42.044033, -71.930283)
(42.048647, -97.396578)
(42.050356, -87.679858)
(42.055088, -72.583382)
(42.05905, -71.080632)
(42.061754, -88.291336)
(42.061893, -87.880644)
(42.07507, -70.989799)
(42.079354, -104.190823)
(42.080191, -78.481107)
(42.081829, -88.072811)
(42.085634, -71.397813)
(42.087868, -75.966889)
(42.0961, -76.813459)
(42.101576, -72.556751)
(42.10578, -80.053412)
(42.108827, -72.578514)
(42.112346, -72.558338)
(42.1146, -79.218967)
(42.115017, -72.520466)
(42.128403, -80.087166)
(42.132698, -72.796503)
(42.135872, -75.908065)
(42.141781, -72.60154)
(42.185077, -122.695081)
(42.194781, -72.651252)
(42.195028, -121.698855)
(42.197945, -87.880851)
(42.206568, -84.556074)
(42.225948, -85.682144)
(42.23752, -71.808214)
(42.238061, -71.116539)
(42.241556, -97.015122)
(42.245049, -84.745639)
(42.249574, -87.827454)
(42.249987, -71.823356)
(42.251675, -83.627443)
(42.252416, -71.003476)
(42.254476, -77.788106)
(42.255262, -77.794632)
(42.255903, -89.027291)
(42.256838, -72.575511)
(42.257152, -121.785177)
(42.260866, -71.058279)
(42.26361, -83.66559)
(42.267526, -71.844018)
(42.267628, -88.998854)
(42.269171, -71.811894)
(42.269859, -74.924612)
(42.270639, -89.019536)
(42.271228, -71.011079)
(42.273157, -83.68268)
(42.274853, -71.808339)
(42.275921, -83.742769)
(42.282194, -85.613759)
(42.283344, -89.67342)
(42.286324, -83.445507)
(42.290789, -85.601857)
(42.291554, -71.306605)
(42.294226, -71.828991)
(42.297017, -71.264057)
(42.297116, -71.437565)
(42.306174, -88.993544)
(42.312292, -71.263821)
(42.312881, -71.036865)
(42.31379, -71.79503)
(42.317287, -83.231417)
(42.318111, -72.638097)
(42.324639, -83.236056)
(42.325852, -72.531469)
(42.327299, -83.054497)
(42.329249, -71.09549)
(42.335638, -85.177329)
(42.336213, -71.169242)
(42.336632, -71.094983)
(42.336825, -71.101244)
(42.336862, -71.099275)
(42.3393, -71.099967)
(42.339992, -71.088782)
(42.340602, -71.103634)
(42.342148, -71.24347)
(42.346646, -71.089405)
(42.350966, -71.071615)
(42.351118, -71.107942)
(42.351291, -71.310561)
(42.352202, -71.065384)
(42.354164, -88.012291)
(42.355253, -71.074125)
(42.357945, -71.060917)
(42.358994, -83.068998)
(42.359243, -71.093226)
(42.361839, -83.062352)
(42.365727, -71.260155)
(42.369968, -71.070645)
(42.372459, -72.518493)
(42.374471, -71.118313)
(42.374806, -71.069263)
(42.38012, -71.117303)
(42.381091, -71.072646)
(42.384323, -83.404722)
(42.385995, -71.222839)
(42.385999, -72.526728)
(42.40855, -71.118293)
(42.414222, -83.139158)
(42.419279, -83.430958)
(42.422154, -76.494136)
(42.430003, -92.330633)
(42.4472, -76.483084)
(42.452236, -79.337375)
(42.457599, -75.071994)
(42.468861, -75.063632)
(42.469188, -83.238529)
(42.473891, -96.359464)
(42.474072, -83.25003)
(42.482953, -96.348874)
(42.490067, -94.20299)
(42.49726, -90.693428)
(42.502006, -76.287586)
(42.503575, -70.890234)
(42.503908, -90.679023)
(42.504022, -89.029285)
(42.50599, -82.972377)
(42.509475, -90.690487)
(42.514923, -92.459703)
(42.524328, -71.274931)
(42.526443, -96.428444)
(42.527524, -93.265853)
(42.553296, -70.840847)
(42.573888, -83.147197)
(42.579837, -114.473901)
(42.582628, -87.820105)
(42.586638, -83.879987)
(42.588298, -71.789666)
(42.590103, -70.968044)
(42.590567, -70.82151)
(42.593159, -89.016254)
(42.595441, -83.244787)
(42.598022, -76.188655)
(42.599512, -72.630977)
(42.605677, -87.846695)
(42.615253, -77.090562)
(42.622969, -87.820924)
(42.642255, -95.208529)
(42.647718, -87.855231)
(42.650371, -73.779063)
(42.652864, -71.326809)
(42.657789, -73.806287)
(42.664297, -73.786661)
(42.667521, -83.144959)
(42.668344, -71.124216)
(42.672534, -74.498258)
(42.674573, -83.216418)
(42.685489, -73.824662)
(42.691361, -73.102817)
(42.696509, -73.683734)
(42.705487, -73.862981)
(42.712725, -73.203132)
(42.717602, -73.7526)
(42.7277, -92.483387)
(42.72822, -73.693711)
(42.729978, -73.676646)
(42.73212, -84.476111)
(42.733451, -90.48622)
(42.734606, -84.480467)
(42.738435, -84.55157)
(42.738676, -71.45626)
(42.75464, -78.820257)
(42.786019, -96.925283)
(42.787298, -86.102089)
(42.790174, -78.770363)
(42.794576, -71.523462)
(42.796634, -71.04904)
(42.796645, -77.821894)
(42.814412, -73.950008)
(42.818097, -73.928788)
(42.819475, -75.536346)
(42.8199, -103.001615)
(42.832788, -106.326712)
(42.835563, -88.742368)
(42.846693, -78.812398)
(42.850013, -85.533519)
(42.858131, -76.985516)
(42.863832, -112.432312)
(42.874475, -97.409904)
(42.881771, -78.872679)
(42.886492, -78.873296)
(42.902636, -78.890868)
(42.91223, -78.796823)
(42.919541, -85.692077)
(42.919547, -73.237799)
(42.925206, -78.852577)
(42.926452, -72.279276)
(42.92856, -78.855941)
(42.929916, -85.587548)
(42.932489, -75.854882)
(42.933832, -78.882125)
(42.943726, -76.542867)
(42.96019, -85.628785)
(42.963001, -85.889826)
(42.965605, -78.788111)
(42.967076, -85.665625)
(42.979494, -82.428717)
(42.979966, -85.595328)
(42.982842, -87.965174)
(42.984804, -84.172404)
(42.986889, -71.503622)
(42.987209, -71.468755)
(42.999007, -96.058772)
(43.000942, -78.789458)
(43.004527, -88.228114)
(43.006329, -76.197878)
(43.012468, -83.71282)
(43.016584, -78.137586)
(43.01875, -83.690276)
(43.019823, -71.483534)
(43.019941, -83.67243)
(43.030556, -108.426738)
(43.030917, -87.907925)
(43.034765, -76.138724)
(43.036943, -88.022718)
(43.038922, -71.451842)
(43.03903, -87.927961)
(43.040176, -76.136975)
(43.043215, -88.050983)
(43.04359, -87.920818)
(43.045364, -87.907691)
(43.049192, -76.090435)
(43.050245, -75.408195)
(43.057059, -89.422884)
(43.071444, -88.256292)
(43.072093, -70.798969)
(43.072507, -88.030732)
(43.075409, -89.404098)
(43.076765, -75.219367)
(43.076848, -87.880488)
(43.077283, -73.782484)
(43.082527, -96.166562)
(43.084188, -77.67386)
(43.096213, -75.272916)
(43.097035, -73.785335)
(43.101036, -77.610136)
(43.101576, -77.518579)
(43.116259, -77.513056)
(43.12183, -89.327921)
(43.125755, -77.798498)
(43.126397, -77.631202)
(43.135934, -70.932465)
(43.137279, -79.036689)
(43.137701, -75.229841)
(43.139752, -87.909045)
(43.14415, -89.291561)
(43.149337, -76.230807)
(43.157169, -93.13126)
(43.19291, -71.527241)
(43.195013, -88.737016)
(43.211926, -77.947188)
(43.223621, -71.531979)
(43.250329, -86.196384)
(43.253387, -87.91552)
(43.262923, -93.641714)
(43.312304, -91.802809)
(43.351839, -73.654813)
(43.38004, -84.672053)
(43.395327, -124.25224)
(43.401376, -94.835661)
(43.454287, -76.540798)
(43.458591, -70.38535)
(43.486041, -111.985519)
(43.51176, -83.964273)
(43.525148, -96.736975)
(43.531574, -96.738229)
(43.562411, -116.565783)
(43.591203, -84.77525)
(43.604284, -116.203301)
(43.608397, -73.180842)
(43.615295, -116.260675)
(43.628717, -84.27682)
(43.646649, -70.229182)
(43.652284, -116.677992)
(43.662863, -70.274247)
(43.676271, -92.995626)
(43.687724, -85.481925)
(43.697432, -98.031188)
(43.704115, -72.289949)
(43.759573, -71.690164)
(43.777411, -88.420638)
(43.785224, -88.417656)
(43.803133, -91.244297)
(43.815309, -91.246191)
(43.81568, -91.23186)
(43.818408, -111.782431)
(43.844135, -88.842333)
(43.907134, -69.963942)
(43.992827, -75.935051)
(44.009117, -73.176068)
(44.013014, -97.113358)
(44.014488, -92.42321)
(44.020811, -116.974487)
(44.022339, -92.463471)
(44.024554, -91.618318)
(44.026206, -88.549369)
(44.03152, -103.250223)
(44.042795, -121.333703)
(44.044736, -91.695449)
(44.045146, -123.075792)
(44.046159, -91.643723)
(44.047483, -123.079754)
(44.071401, -121.348585)
(44.075439, -103.205753)
(44.105299, -70.203333)
(44.140237, -72.659783)
(44.146712, -93.99945)
(44.166649, -93.990805)
(44.174319, -94.047428)
(44.261323, -88.397822)
(44.283174, -88.45893)
(44.30526, -94.472326)
(44.317485, -96.782139)
(44.318645, -74.119981)
(44.323626, -93.972196)
(44.337746, -69.796396)
(44.44483, -88.067812)
(44.45373, -95.759548)
(44.461529, -93.182039)
(44.462318, -93.154666)
(44.473287, -73.202746)
(44.477325, -73.196646)
(44.494558, -73.167069)
(44.494889, -103.870966)
(44.503494, -71.158535)
(44.526244, -88.080783)
(44.526467, -88.105675)
(44.529582, -89.570934)
(44.532298, -87.919973)
(44.56395, -123.274723)
(44.564211, -69.66337)
(44.587663, -123.11403)
(44.589879, -75.161343)
(44.604096, -75.182906)
(44.64841, -73.439739)
(44.662148, -74.973815)
(44.662716, -74.999359)
(44.666911, -70.147121)
(44.69293, -73.466536)
(44.760656, -108.761853)
(44.763926, -106.941105)
(44.765436, -85.585517)
(44.794867, -91.505675)
(44.798284, -91.501906)
(44.80755, -95.56172)
(44.826048, -68.74445)
(44.828599, -93.055255)
(44.829002, -68.791476)
(44.829706, -93.331673)
(44.852235, -123.238309)
(44.8534, -92.622641)
(44.873187, -91.926653)
(44.882399, -122.961129)
(44.899257, -68.669332)
(44.901714, -97.095229)
(44.924926, -93.183761)
(44.935457, -123.030537)
(44.938565, -93.168053)
(44.943439, -93.188986)
(44.949186, -93.109646)
(44.949759, -93.154861)
(44.956988, -93.274705)
(44.957256, -93.074361)
(44.966246, -93.164479)
(44.966307, -93.240436)
(44.968625, -93.261511)
(44.972679, -93.284507)
(44.97281, -93.290608)
(44.972851, -93.235464)
(44.975225, -93.404863)
(44.976286, -93.268796)
(44.978655, -122.978076)
(44.98125, -93.265738)
(44.986458, -89.646369)
(44.987863, -93.253713)
(45.033703, -93.167822)
(45.041823, -92.982105)
(45.057655, -93.161663)
(45.096534, -93.397759)
(45.106937, -93.374536)
(45.138313, -95.07305)
(45.172978, -93.351697)
(45.201173, -123.199642)
(45.208306, -112.639264)
(45.216709, -93.416087)
(45.303629, -122.967494)
(45.319795, -118.092495)
(45.323185, -122.574272)
(45.438154, -122.730876)
(45.450829, -98.484728)
(45.450882, -122.669137)
(45.480959, -122.630348)
(45.483339, -98.49129)
(45.486902, -122.675858)
(45.498772, -122.686096)
(45.511601, -122.686289)
(45.514862, -122.396972)
(45.521394, -123.108777)
(45.548117, -94.206254)
(45.553227, -94.152657)
(45.561792, -94.319888)
(45.572724, -122.726691)
(45.579065, -94.175841)
(45.589775, -95.899729)
(45.590724, -121.190197)
(45.617798, -122.494766)
(45.636133, -122.651257)
(45.666726, -111.048812)
(45.772586, -87.085228)
(45.796522, -108.554075)
(45.796896, -108.523009)
(45.818667, -92.968283)
(45.873107, -95.372369)
(46.012868, -112.559511)
(46.048088, -118.389555)
(46.069815, -118.331546)
(46.078557, -118.276505)
(46.14214, -122.935928)
(46.25216, -119.12103)
(46.272158, -96.607379)
(46.289194, -96.097321)
(46.345863, -94.214266)
(46.412199, -117.024875)
(46.492849, -84.365573)
(46.559751, -87.406568)
(46.571492, -120.537976)
(46.579087, -90.87476)
(46.586098, -120.528525)
(46.595384, -112.016035)
(46.600771, -112.040285)
(46.694668, -68.034796)
(46.715017, -122.960591)
(46.717629, -92.091007)
(46.727406, -117.014167)
(46.730448, -117.158168)
(46.78455, -92.145151)
(46.816082, -92.106134)
(46.817126, -92.084385)
(46.821459, -100.816534)
(46.848362, -96.848937)
(46.859312, -113.982912)
(46.862482, -96.76749)
(46.867153, -96.759532)
(46.882917, -102.799679)
(46.893127, -96.800838)
(46.914302, -98.698416)
(46.918517, -98.00389)
(47.002687, -120.538368)
(47.023698, -122.929578)
(47.041068, -122.816354)
(47.07382, -122.977492)
(47.11866, -88.548092)
(47.14516, -122.440421)
(47.172082, -122.570935)
(47.176084, -122.497873)
(47.183651, -119.325678)
(47.241919, -93.49555)
(47.244594, -122.438541)
(47.244622, -122.524793)
(47.251743, -122.44683)
(47.26308, -122.478982)
(47.313648, -122.175819)
(47.388231, -122.303064)
(47.422361, -92.921698)
(47.431234, -120.337198)
(47.452652, -94.853974)
(47.469017, -122.211383)
(47.482341, -94.874119)
(47.485581, -111.269558)
(47.489206, -122.176303)
(47.490667, -117.583808)
(47.490713, -111.270604)
(47.524561, -92.549092)
(47.5475, -122.352672)
(47.574769, -122.635113)
(47.584014, -122.150118)
(47.608859, -122.318851)
(47.616748, -122.321231)
(47.617381, -122.344594)
(47.650214, -122.361667)
(47.65538, -122.30514)
(47.657502, -122.195774)
(47.657945, -122.192763)
(47.666531, -117.400625)
(47.674034, -117.360065)
(47.67569, -116.798905)
(47.676741, -117.463538)
(47.68871, -122.150603)
(47.698408, -122.333584)
(47.699144, -122.326844)
(47.705077, -122.167131)
(47.747402, -122.358626)
(47.753358, -117.416714)
(47.759773, -122.191293)
(47.760915, -122.191572)
(47.802536, -96.606188)
(47.816376, -122.327598)
(47.909189, -122.221962)
(47.921654, -97.071738)
(48.006626, -122.204736)
(48.101295, -123.412865)
(48.124969, -96.162366)
(48.127948, -98.869034)
(48.158603, -103.613066)
(48.246961, -101.29861)
(48.437194, -122.30894)
(48.54149, -109.687806)
(48.737812, -122.485734)
(48.7939, -122.493253)
(58.384846, -134.638255)
(61.190163, -149.82619)
(64.85756, -147.823146)
