01002
01003
01013
01040
01063
01075
01086
01105
01106
01109
01119
01247
01267
01301
01420
01571
01602
01606
01609
01610
01701
01730
01830
01845
01854
01915
01923
01970
01984
02038
02108
02115
02116
02120
02125
02129
02138
02139
02141
02155
02169
02170
02186
02215
02302
02325
02357
02452
02454
02457
02466
02467
02481
02493
02532
02668
02720
02747
02766
02809
02818
02840
02865
02881
02886
02903
02908
02912
02917
02918
03060
03063
03101
03102
03106
03264
03301
03435
03570
03755
03801
03824
04005
04011
04103
04106
04240
04330
04401
04469
04769
04901
04938
05201
05401
05405
05439
05663
05735
05753
06032
06040
06050
06051
06053
06082
06098
06103
06106
06117
06118
06226
06239
06269
06320
06340
06360
06457
06459
06484
06510
06511
06515
06516
06518
06520
06604
06610
06702
06708
06723
06810
06824
06825
06854
06901
07003
07006
07011
07016
07030
07043
07061
07079
07083
07102
07305
07306
07424
07430
07446
07470
07505
07601
07608
07644
07652
07666
07764
07840
07860
07869
07882
07940
07960
08012
08028
08054
08057
08069
08080
08102
08205
08544
08608
08628
08648
08701
08754
08830
08837
08854
08901
08902
10001
10003
10004
10006
10007
10010
10011
10012
10016
10017
10018
10019
10021
10022
10023
10027
10031
10032
10033
10035
10036
10038
10065
10301
10311
10314
10451
10453
10458
10465
10468
10471
10522
10577
10595
10606
10708
10801
10901
10940
10950
10952
10962
10976
10977
10996
11024
11101
11201
11205
11210
11211
11219
11225
11229
11230
11235
11354
11357
11364
11367
11369
11374
11375
11439
11451
11530
11548
11549
11568
11571
11735
11746
11756
11784
11794
12043
12180
12203
12208
12211
12222
12305
12308
12504
12538
12550
12561
12601
12604
12804
12866
12901
12983
13021
13035
13045
13053
13090
13126
13210
13214
13215
13244
13323
13346
13501
13502
13601
13617
13676
13699
13753
13820
13850
13901
14020
14063
14075
14109
14127
14201
14203
14208
14214
14220
14222
14225
14226
14260
14420
14454
14456
14478
14618
14623
14624
14627
14701
14778
14802
14850
14853
14901
15010
15061
15108
15122
15213
15222
15232
15233
15235
15237
15260
15282
15301
15370
15419
15601
15650
15705
15904
15940
16002
16057
16125
16127
16172
16214
16335
16444
16541
16546
16630
16652
16701
16802
16933
17003
17013
17022
17055
17093
17101
17110
17201
17257
17325
17402
17403
17551
17601
17602
17604
17701
17745
17815
17837
17870
18015
18018
18020
18042
18078
18104
18301
18440
18509
18510
18612
18634
18711
18766
18901
19007
19010
19013
19014
19029
19038
19041
19046
19047
19053
19063
19081
19085
19087
19102
19104
19107
19114
19118
19122
19130
19131
19138
19141
19319
19341
19345
19352
19383
19406
19422
19426
19437
19530
19603
19607
19612
19716
19720
19808
19901
20686
20715
20742
20746
20774
20783
20785
20850
20912
21012
21044
21046
21157
21201
21204
21210
21215
21216
21217
21218
21224
21237
21244
21250
21251
21252
21402
21502
21532
21620
21701
21702
21727
21742
21801
21853
22003
22030
22182
22201
22207
22314
22401
22601
22802
22807
22812
22902
22903
23005
23173
23187
23220
23228
23230
23284
23455
23462
23464
23504
23510
23529
23606
23666
23668
23806
23831
23851
23909
24015
24020
24061
24084
24142
24153
24212
24219
24293
24382
24401
24416
24450
24501
24502
24515
24541
24605
24701
24712
25112
25136
25304
25404
25414
25443
25637
25701
25755
25801
25813
26003
26104
26201
26241
26351
26416
26505
26506
26554
26726
27103
27106
27110
27127
27205
27244
27268
27282
27330
27401
27402
27407
27410
27411
27506
27534
27537
27587
27599
27601
27603
27604
27606
27607
27610
27695
27703
27707
27708
27804
27855
27858
27893
27906
27909
28001
28012
28017
28034
28035
28117
28144
28146
28152
28160
28174
28202
28204
28216
28217
28223
28274
28301
28303
28311
28328
28345
28352
28360
28365
28372
28401
28403
28405
28504
28546
28557
28562
28590
28601
28602
28608
28638
28655
28677
28697
28712
28721
28723
28731
28754
28757
28778
28779
28801
28804
29108
29115
29117
29150
29170
29203
29204
29208
29210
29301
29302
29303
29325
29340
29406
29409
29423
29424
29501
29506
29526
29550
29606
29607
29613
29614
29621
29630
29634
29646
29649
29670
29673
29720
29730
29733
29801
29901
29909
30021
30030
30043
30054
30060
30080
30093
30094
30096
30118
30144
30149
30161
30165
30204
30223
30240
30260
30303
30310
30314
30319
30322
30328
30332
30341
30342
30401
30458
30460
30474
30501
30528
30535
30597
30598
30601
30602
30639
30720
30906
30907
30912
31030
31061
31088
31206
31207
31210
31402
31404
31405
31406
31503
31520
31533
31602
31698
31701
31705
31709
31792
31793
31833
31904
31907
32025
32084
32114
32177
32202
32209
32211
32216
32224
32244
32256
32304
32306
32307
32401
32446
32504
32514
32526
32606
32611
32723
32726
32773
32789
32792
32803
32807
32809
32816
32822
32826
32835
32837
32901
32922
33012
33014
33021
33024
33027
33040
33054
33063
33125
33132
33142
33144
33146
33161
33174
33178
33181
33186
33199
33301
33309
33314
33317
33319
33328
33401
33409
33417
33426
33431
33461
33484
33574
33606
33610
33614
33619
33620
33701
33711
33716
33755
33760
33801
33827
33881
33907
33916
33919
33965
33966
34104
34203
34207
34233
34234
34243
34474
34654
34787
34788
34981
35010
35064
35077
35115
35160
35203
35209
35211
35215
35221
35229
35254
35294
35401
35405
35487
35501
35611
35632
35661
35762
35811
35896
35899
35903
35957
36082
36088
36104
36106
36108
36109
36117
36265
36303
36330
36507
36561
36603
36608
36688
36702
36849
37040
37044
37055
37066
37087
37129
37132
37204
37206
37208
37209
37210
37212
37218
37240
37303
37311
37312
37315
37321
37403
37406
37614
37620
37682
37743
37748
37752
37760
37804
37813
37909
37919
37933
37996
38024
38103
38104
38105
38112
38118
38126
38132
38137
38152
38201
38238
38301
38305
38340
38401
38478
38505
38635
38637
38668
38677
38733
38761
38829
38843
38941
39058
39154
39157
39174
39201
39202
39210
39217
39307
39401
39406
39437
39666
39701
39762
40202
40203
40205
40245
40280
40292
40324
40351
40390
40404
40422
40475
40506
40508
40601
40769
40823
40906
41017
41042
41099
41101
41143
41501
41653
41701
42002
42071
42101
42240
42301
42501
42701
42718
42728
43015
43022
43023
43050
43055
43081
43082
43113
43209
43210
43215
43219
43222
43302
43403
43512
43537
43551
43560
43604
43606
43701
43762
43920
43952
44004
44017
44035
44074
44077
44094
44106
44115
44118
44121
44124
44130
44221
44234
44242
44306
44325
44483
44555
44601
44663
44691
44709
44720
44805
44883
45011
45042
45056
45103
45133
45177
45206
45207
45219
45221
45223
45233
45236
45241
45246
45314
45402
45429
45435
45459
45469
45501
45504
45601
45638
45662
45701
45750
45764
45804
45805
45806
45810
45817
45840
46012
46131
46135
46202
46208
46222
46227
46268
46323
46383
46394
46408
46526
46545
46556
46590
46615
46703
46750
46803
46805
46808
46902
46953
46962
46989
47150
47243
47306
47374
47405
47591
47660
47712
47722
47803
47809
47906
47907
47933
48061
48075
48083
48088
48105
48109
48128
48150
48152
48188
48197
48202
48221
48226
48304
48307
48309
48502
48503
48504
48640
48710
48801
48823
48824
48843
48859
48867
48933
49003
49006
49008
49017
49104
49221
49224
49242
49283
49307
49401
49423
49442
49503
49506
49509
49512
49525
49546
49686
49783
49829
49855
49931
50011
50023
50112
50125
50126
50219
50309
50311
50316
50401
50436
50501
50588
50614
50677
50701
50801
51041
51102
51104
51106
51250
51334
51503
52001
52004
52101
52242
52314
52402
52406
52501
52557
52577
52641
52655
52801
52803
53072
53094
53097
53140
53144
53186
53190
53201
53202
53211
53217
53222
53226
53233
53234
53511
53547
53704
53706
53711
53718
53818
54022
54115
54303
54307
54311
54401
54481
54601
54701
54751
54806
54880
54901
54911
54912
54935
54936
54971
55057
55063
55076
55102
55104
55105
55106
55110
55112
55113
55303
55401
55402
55403
55404
55414
55426
55431
55433
55445
55454
55455
55744
55746
55792
55811
55812
55904
55912
55987
56001
56003
56073
56082
56201
56241
56258
56267
56301
56303
56308
56374
56401
56537
56562
56563
56601
56701
56716
57007
57042
57069
57078
57105
57197
57201
57301
57401
57701
57799
58072
58076
58103
58108
58202
58301
58405
58506
58601
58707
58801
59101
59102
59405
59501
59601
59625
59701
59717
59725
59812
60015
60016
60030
60045
60067
60101
60115
60123
60126
60137
60160
60171
60187
60202
60208
60305
60411
60431
60435
60446
60463
60465
60473
60506
60523
60532
60540
60563
60601
60602
60603
60604
60605
60607
60610
60612
60616
60621
60625
60628
60634
60637
60640
60652
60655
60660
60804
60901
60914
61032
61108
61114
61201
61265
61401
61455
61462
61530
61611
61615
61625
61635
61702
61761
61790
61820
61821
61832
61920
61938
62026
62035
62221
62246
62254
62301
62450
62521
62522
62650
62656
62703
62707
62794
62863
62901
62918
63026
63044
63103
63105
63110
63113
63119
63121
63130
63141
63301
63376
63401
63501
63601
63701
63901
64068
64093
64110
64111
64118
64145
64152
64153
64468
64507
64683
64801
64850
65101
65211
65216
65248
65251
65270
65301
65340
65409
65613
65726
65775
65802
65897
66002
66006
66045
66046
66048
66062
66067
66112
66210
66219
66506
66604
66621
66701
66720
66749
66762
66801
67005
67042
67063
67156
67213
67260
67337
67357
67401
67456
67460
67501
67601
67701
67801
67846
67901
68005
68025
68106
68111
68114
68131
68178
68182
68198
68333
68434
68504
68506
68510
68588
68702
68787
68802
68849
68901
69101
69337
69361
70002
70043
70112
70118
70119
70122
70125
70126
70131
70148
70310
70402
70433
70503
70506
70535
70605
70615
70803
70806
70808
70813
70817
71104
71107
71111
71115
71209
71245
71272
71301
71359
71497
71601
71603
71656
71731
71753
71801
71913
71953
71998
71999
72012
72032
72034
72035
72110
72118
72149
72202
72204
72205
72207
72210
72301
72335
72401
72501
72503
72601
72701
72712
72761
72801
72830
72913
73008
73013
73018
73019
73034
73036
73096
73106
73107
73110
73117
73142
73159
73170
73505
73521
73533
73717
74006
74017
74078
74104
74115
74135
74145
74171
74354
74361
74447
74464
74501
74578
74653
74701
74804
74820
74868
74953
75041
75052
75061
75062
75063
75069
75080
75090
75110
75165
75211
75215
75234
75241
75243
75247
75275
75429
75460
75599
75602
75633
75662
75670
75701
75702
75751
75799
75902
75961
76013
76059
76086
76102
76105
76129
76137
76203
76204
76240
76308
76401
76437
76504
76513
76549
76645
76705
76708
76798
76801
76909
77002
77004
77005
77006
77030
77036
77041
77058
77060
77073
77074
77090
77092
77204
77340
77381
77446
77488
77505
77511
77520
77550
77555
77566
77591
77630
77640
77705
77833
77843
77901
78028
78040
78041
78102
78145
78155
78203
78207
78209
78212
78216
78221
78224
78228
78229
78230
78238
78249
78251
78363
78404
78412
78414
78501
78504
78520
78539
78550
78577
78626
78666
78702
78704
78705
78723
78726
78744
78752
78801
79008
79016
79072
79109
79336
79407
79409
79430
79549
79697
79698
79699
79705
79720
79762
79764
79832
79924
79925
79927
79968
80011
80031
80160
80202
80203
80204
80208
80214
80217
80221
80226
80228
80239
80305
80309
80401
80523
80634
80639
80701
80751
80840
80903
80906
80907
80909
80918
81001
81004
81050
81082
81101
81231
81301
81501
81506
81601
82007
82070
82071
82240
82435
82501
82601
82801
82901
83209
83301
83404
83460
83501
83605
83686
83704
83725
83814
83844
84020
84037
84043
84058
84101
84105
84107
84111
84112
84123
84321
84322
84404
84408
84601
84602
84627
84720
84770
85013
85014
85017
85021
85027
85029
85032
85034
85040
85042
85051
85202
85210
85224
85225
85257
85281
85282
85283
85287
85302
85306
85323
85365
85374
85392
85552
85635
85709
85712
85721
86011
86301
87105
87106
87110
87402
87508
87532
87544
87701
87801
88003
88061
88101
88130
88202
88240
88310
89014
89113
89117
89118
89121
89128
89144
89146
89154
89511
89512
89557
89703
89801
90004
90010
90015
90028
90029
90032
90041
90045
90047
90049
90089
90095
90221
90230
90241
90247
90255
90263
90275
90405
90506
90601
90630
90639
90650
90744
90747
90808
90840
91101
91103
91106
91125
91203
91208
91316
91321
91330
91342
91355
91356
91360
91371
91401
91504
91505
91606
91702
91711
91730
91731
91737
91741
91746
91750
91754
91761
91764
91768
91773
91789
91790
91803
91910
91911
92019
92020
92037
92056
92058
92069
92078
92093
92096
92101
92106
92110
92111
92113
92123
92126
92182
92260
92311
92350
92373
92395
92407
92408
92410
92503
92504
92505
92506
92507
92521
92551
92583
92590
92612
92614
92618
92626
92647
92692
92697
92705
92706
92708
92801
92802
92831
92832
92840
92860
92866
92869
93003
93012
93021
93033
93106
93108
93109
93210
93257
93268
93277
93291
93305
93308
93309
93311
93401
93403
93407
93454
93534
93536
93611
93612
93654
93702
93726
93730
93740
93741
93901
93940
93955
94022
94027
94061
94066
94105
94107
94112
94117
94132
94305
94402
94403
94501
94523
94534
94538
94539
94542
94545
94551
94558
94565
94575
94581
94590
94607
94608
94609
94613
94619
94704
94720
94806
94901
94904
94928
95003
95014
95020
95051
95053
95054
95064
95070
95128
95134
95135
95138
95192
95206
95207
95211
95348
95350
95382
95401
95521
95616
95630
95677
95776
95819
95822
95823
95825
95826
95834
95841
95901
95929
96003
96094
96707
96720
96732
96744
96762
96766
96782
96813
96816
96817
96822
97030
97045
97058
97116
97128
97132
97201
97202
97203
97219
97239
97301
97305
97317
97321
97331
97361
97401
97403
97420
97520
97601
97603
97702
97703
97850
97914
98007
98011
98033
98034
98036
98052
98056
98057
98083
98092
98103
98106
98115
98119
98121
98122
98133
98195
98198
98201
98208
98225
98226
98273
98337
98362
98402
98405
98416
98447
98466
98498
98499
98503
98505
98512
98531
98632
98663
98683
98801
98837
98903
98907
98926
99004
99164
99217
99224
99251
99258
99301
99324
99362
99508
99775
99801
