00602
00603
00604
00605
00612
00613
00614
00641
00662
00669
00674
00676
00680
00681
00683
00685
00698
00705
00714
00715
00716
00717
00718
00725
00726
00730
00731
00737
00738
00745
00754
00766
00769
00778
00780
00784
00791
00792
00794
00795
00802
00850
00901
00902
00907
00909
00910
00914
00917
00918
00919
00924
00925
00926
00928
00931
00936
00957
00959
00960
00961
00964
00970
00978
00979
00983
00984
00985
00986
01002
01003
01013
01040
01056
01060
01063
01075
01086
01089
01105
01106
01109
01119
01201
01230
01247
01267
01301
01360
01420
01440
01462
01507
01568
01571
01581
01602
01604
01605
01606
01609
01610
01612
01655
01701
01730
01742
01752
01801
01810
01821
01830
01835
01841
01845
01852
01854
01876
01879
01915
01923
01938
01970
01982
01984
02021
02038
02062
02108
02109
02111
02115
02116
02120
02122
02125
02129
02135
02136
02138
02139
02141
02145
02148
02155
02169
02170
02186
02215
02301
02302
02325
02357
02360
02375
02445
02446
02452
02454
02457
02459
02466
02467
02481
02492
02493
02532
02668
02720
02747
02766
02771
02780
02809
02818
02840
02860
02865
02881
02886
02895
02903
02905
02908
02912
02914
02917
02918
02920
03051
03054
03060
03063
03101
03102
03106
03110
03242
03246
03257
03264
03278
03301
03431
03435
03461
03570
03743
03755
03766
03784
03801
03824
03878
04005
04009
04011
04040
04046
04074
04084
04090
04092
04101
04102
04103
04106
04210
04240
04260
04330
04401
04420
04469
04609
04619
04654
04743
04769
04856
04901
04937
04938
05061
05068
05201
05302
05346
05401
05403
05405
05439
05495
05602
05656
05663
05667
05735
05753
05827
05851
06010
06032
06040
06050
06051
06053
06067
06071
06082
06088
06098
06103
06105
06106
06108
06109
06110
06114
06117
06118
06120
06226
06239
06269
06320
06340
06357
06360
06382
06405
06416
06437
06457
06459
06470
06473
06483
06484
06492
06510
06511
06514
06515
06516
06518
06520
06604
06606
06608
06610
06615
06702
06704
06705
06706
06708
06723
06810
06824
06825
06854
06901
07003
07006
07011
07016
07018
07030
07033
07043
07058
07060
07061
07076
07079
07080
07083
07087
07093
07102
07103
07109
07110
07208
07305
07306
07310
07420
07424
07430
07446
07470
07505
07513
07601
07606
07608
07632
07644
07652
07666
07710
07712
07724
07728
07731
07735
07738
07764
07801
07834
07840
07860
07869
07876
07882
07940
07950
07960
08002
08003
08012
08028
08030
08043
08046
08054
08057
08069
08080
08081
08102
08205
08225
08232
08234
08330
08362
08542
08544
08550
08608
08628
08629
08638
08648
08701
08723
08753
08754
08755
08816
08817
08820
08830
08837
08854
08861
08873
08876
08901
08902
10001
10002
10003
10004
10006
10007
10010
10011
10012
10013
10014
10016
10017
10018
10019
10021
10022
10023
10025
10027
10029
10031
10032
10033
10035
10036
10038
10065
10115
10281
10301
10306
10311
10312
10314
10451
10453
10458
10461
10462
10465
10468
10471
10502
10507
10522
10528
10550
10562
10566
10577
10595
10601
10604
10606
10701
10707
10708
10801
10901
10918
10924
10940
10950
10952
10954
10962
10976
10977
10994
10996
11024
11030
11101
11103
11106
11201
11203
11204
11205
11209
11210
11211
11213
11214
11218
11219
11223
11225
11229
11230
11235
11236
11238
11354
11355
11357
11364
11367
11369
11372
11374
11375
11385
11418
11432
11433
11439
11451
11501
11530
11542
11548
11549
11550
11559
11561
11568
11571
11691
11701
11717
11726
11735
11746
11749
11756
11768
11769
11784
11788
11791
11794
11801
11901
12020
12043
12051
12065
12095
12110
12180
12203
12205
12206
12208
12211
12222
12304
12305
12308
12435
12458
12466
12484
12504
12508
12534
12538
12550
12553
12561
12582
12601
12604
12759
12779
12788
12804
12839
12860
12866
12901
12970
12983
13021
13026
13035
13045
13053
13088
13090
13114
13126
13148
13203
13210
13211
13214
13215
13244
13323
13346
13350
13357
13408
13478
13501
13502
13601
13602
13617
13676
13699
13753
13790
13815
13820
13850
13901
13903
13905
14006
14020
14052
14063
14068
14075
14094
14109
14127
14132
14150
14201
14203
14208
14210
14214
14217
14220
14221
14222
14224
14225
14226
14260
14420
14424
14454
14456
14478
14485
14513
14607
14612
14615
14617
14618
14621
14623
14624
14626
14627
14701
14744
14760
14778
14779
14802
14830
14850
14853
14901
14903
14905
15003
15010
15061
15062
15068
15071
15084
15086
15108
15122
15132
15136
15146
15202
15205
15206
15213
15214
15216
15219
15220
15222
15224
15232
15233
15235
15237
15238
15260
15282
15301
15317
15370
15401
15419
15456
15465
15501
15601
15642
15650
15697
15701
15705
15801
15840
15851
15904
15905
15940
16001
16002
16057
16101
16105
16125
16127
16137
16143
16146
16148
16172
16201
16214
16226
16301
16335
16354
16365
16428
16444
16509
16541
16546
16563
16565
16601
16602
16630
16652
16701
16801
16802
16823
16830
16933
17003
17013
17022
17033
17042
17044
17045
17055
17057
17060
17067
17093
17101
17109
17110
17201
17202
17237
17257
17325
17331
17402
17403
17404
17551
17584
17601
17602
17603
17604
17608
17701
17745
17801
17815
17837
17870
17876
17901
17931
17972
18015
18017
18018
18020
18034
18042
18052
18078
18101
18104
18106
18109
18201
18202
18301
18360
18372
18411
18440
18505
18507
18508
18509
18510
18512
18612
18627
18634
18702
18704
18705
18711
18766
18844
18848
18901
18940
18944
18974
19001
19002
19007
19008
19009
19010
19013
19014
19027
19029
19034
19038
19041
19046
19047
19053
19063
19064
19079
19081
19085
19087
19090
19095
19096
19102
19103
19104
19107
19114
19115
19118
19122
19123
19128
19130
19131
19136
19138
19140
19141
19146
19147
19148
19152
19154
19319
19335
19341
19345
19352
19355
19383
19401
19406
19422
19426
19437
19446
19454
19460
19530
19533
19603
19605
19607
19608
19610
19611
19612
19701
19702
19711
19713
19716
19720
19801
19808
19901
19939
19947
19958
19980
20002
20005
20006
20007
20008
20012
20016
20017
20036
20052
20057
20059
20064
20109
20121
20132
20147
20166
20190
20619
20646
20686
20708
20715
20723
20724
20742
20743
20746
20748
20774
20783
20784
20785
20794
20850
20852
20901
20902
20906
20912
21012
21014
21015
21031
21044
21046
21061
21090
21093
21108
21117
21153
21157
21201
21204
21208
21209
21210
21215
21216
21217
21218
21224
21236
21237
21244
21250
21251
21252
21401
21402
21502
21532
21541
21620
21679
21701
21702
21727
21740
21742
21801
21804
21853
21901
21921
22003
22030
22031
22042
22043
22066
22102
22182
22192
22201
22202
22207
22209
22312
22314
22401
22406
22408
22508
22601
22645
22701
22802
22807
22812
22902
22903
23005
23059
23060
23112
23113
23149
23173
23187
23220
23227
23228
23229
23230
23235
23236
23284
23294
23320
23410
23451
23452
23454
23455
23456
23462
23464
23502
23504
23505
23507
23510
23513
23518
23529
23601
23602
23606
23608
23666
23668
23803
23805
23806
23821
23831
23834
23836
23851
23909
23943
24012
24015
24020
24060
24061
24073
24084
24088
24112
24142
24153
24201
24212
24219
24293
24327
24382
24401
24416
24422
24450
24486
24501
24502
24503
24515
24541
24595
24605
24609
24614
24631
24701
24712
24740
24901
25064
25070
25112
25136
25252
25301
25304
25306
25313
25401
25403
25404
25414
25443
25560
25637
25646
25670
25701
25705
25755
25801
25813
25880
25901
26003
26032
26038
26047
26074
26101
26104
26105
26184
26201
26241
26301
26330
26351
26416
26426
26501
26505
26506
26554
26726
26807
26836
27017
27101
27103
27105
27106
27110
27127
27205
27244
27253
27265
27268
27282
27302
27330
27360
27371
27375
27401
27402
27403
27407
27409
27410
27411
27506
27514
27518
27534
27537
27549
27573
27577
27587
27591
27599
27601
27603
27604
27606
27607
27610
27612
27613
27614
27616
27695
27701
27703
27705
27707
27708
27804
27855
27858
27886
27889
27890
27892
27893
27906
27909
27910
28001
28012
28017
28025
28027
28034
28035
28054
28078
28109
28115
28117
28135
28144
28146
28152
28160
28170
28174
28202
28204
28208
28210
28213
28214
28216
28217
28223
28226
28227
28262
28273
28274
28301
28303
28311
28314
28328
28332
28334
28345
28349
28352
28360
28365
28372
28374
28401
28403
28405
28422
28472
28504
28529
28546
28557
28562
28590
28601
28602
28604
28608
28638
28655
28677
28679
28697
28712
28721
28723
28731
28752
28754
28757
28777
28778
28779
28801
28804
28806
28906
29020
29042
29108
29115
29117
29118
29150
29169
29170
29201
29203
29204
29208
29209
29210
29301
29302
29303
29316
29325
29340
29379
29403
29405
29406
29407
29409
29418
29420
29423
29424
29425
29445
29501
29506
29520
29526
29550
29556
29572
29574
29606
29607
29611
29613
29614
29615
29621
29630
29634
29639
29646
29649
29670
29673
29688
29720
29730
29732
29733
29801
29810
29829
29841
29901
29909
30021
30030
30035
30038
30040
30043
30044
30047
30054
30060
30062
30067
30076
30080
30083
30084
30093
30094
30096
30118
30135
30144
30149
30161
30165
30182
30183
30204
30213
30214
30223
30240
30260
30295
30303
30309
30310
30314
30315
30316
30317
30318
30319
30322
30324
30326
30328
30332
30338
30339
30341
30342
30345
30349
30401
30445
30458
30460
30474
30501
30504
30507
30523
30528
30535
30582
30597
30598
30601
30602
30606
30639
30650
30720
30750
30809
30901
30906
30907
30909
30912
31021
31023
31030
31061
31082
31088
31093
31201
31206
31207
31210
31314
31402
31404
31405
31406
31409
31503
31520
31533
31547
31602
31605
31698
31701
31705
31709
31792
31793
31833
31901
31904
31905
31907
31909
32025
32064
32065
32084
32091
32114
32117
32119
32162
32164
32174
32177
32202
32204
32205
32208
32209
32211
32212
32216
32218
32221
32224
32225
32244
32246
32256
32304
32306
32307
32309
32310
32312
32340
32348
32351
32401
32405
32428
32433
32440
32446
32503
32504
32514
32526
32547
32570
32578
32601
32606
32607
32608
32611
32701
32707
32714
32720
32723
32726
32746
32751
32765
32773
32778
32789
32792
32801
32803
32804
32807
32809
32810
32816
32817
32819
32822
32825
32826
32835
32837
32901
32904
32922
32953
32967
33012
33014
33015
33016
33018
33021
33023
33024
33025
33026
33027
33033
33040
33054
33062
33063
33064
33069
33073
33122
33125
33126
33127
33132
33133
33134
33135
33137
33139
33140
33142
33144
33145
33146
33147
33155
33156
33157
33160
33161
33165
33166
33172
33174
33175
33176
33177
33178
33181
33183
33186
33189
33199
33301
33304
33309
33311
33312
33313
33314
33317
33319
33328
33334
33351
33388
33401
33403
33405
33409
33410
33411
33415
33417
33426
33431
33434
33435
33436
33442
33455
33461
33463
33484
33511
33556
33574
33602
33605
33606
33607
33609
33610
33614
33617
33619
33620
33624
33625
33634
33701
33710
33711
33713
33716
33755
33760
33764
33765
33771
33774
33801
33803
33805
33809
33811
33813
33825
33827
33853
33859
33870
33881
33901
33905
33907
33913
33916
33919
33948
33965
33966
33993
34104
34119
34135
34142
34203
34207
34233
34234
34240
34243
34420
34450
34471
34474
34604
34606
34613
34638
34652
34653
34654
34655
34741
34744
34748
34759
34769
34787
34788
34946
34952
34981
34982
34987
35010
35020
35064
35071
35077
35115
35160
35203
35209
35211
35215
35216
35221
35228
35229
35244
35254
35294
35401
35405
35470
35487
35501
35601
35611
35630
35632
35661
35671
35758
35762
35805
35806
35811
35816
35896
35898
35899
35903
35951
35957
35986
36022
36082
36088
36103
36104
36106
36108
36109
36116
36117
36265
36276
36303
36330
36401
36420
36507
36526
36535
36545
36561
36603
36606
36608
36609
36613
36688
36702
36756
36849
36869
37013
37027
37040
37042
37044
37055
37064
37066
37067
37072
37074
37075
37087
37110
37115
37128
37129
37130
37132
37138
37160
37203
37204
37206
37207
37208
37209
37210
37211
37212
37214
37218
37240
37303
37311
37312
37315
37321
37334
37355
37371
37383
37388
37403
37404
37406
37415
37421
37601
37614
37617
37620
37643
37682
37743
37748
37752
37756
37757
37760
37804
37813
37825
37909
37918
37919
37921
37922
37929
37933
37996
37998
38019
38024
38059
38063
38075
38103
38104
38105
38107
38111
38112
38117
38118
38119
38126
38132
38133
38137
38152
38163
38201
38238
38242
38301
38305
38327
38340
38351
38358
38401
38462
38464
38478
38501
38505
38555
38570
38610
38614
38635
38637
38663
38668
38671
38677
38703
38732
38733
38761
38829
38834
38843
38863
38901
38941
39056
39058
39079
39096
39114
39120
39154
39157
39174
39191
39201
39202
39206
39208
39210
39211
39212
39216
39217
39307
39327
39358
39401
39402
39406
39437
39440
39470
39501
39503
39573
39666
39701
39730
39762
39840
40014
40202
40203
40205
40207
40216
40222
40223
40229
40233
40245
40280
40292
40324
40347
40351
40356
40383
40390
40404
40422
40475
40503
40505
40506
40508
40514
40517
40601
40769
40823
40906
40977
41017
41018
41042
41056
41071
41099
41101
41143
41240
41339
41501
41514
41653
41701
41844
41858
42002
42071
42101
42103
42104
42141
42240
42301
42303
42420
42431
42501
42701
42718
42728
43015
43017
43022
43023
43026
43029
43035
43050
43055
43056
43081
43082
43110
43113
43125
43130
43209
43210
43211
43213
43214
43215
43219
43222
43229
43231
43232
43235
43302
43403
43420
43502
43512
43537
43551
43560
43604
43606
43613
43615
43616
43701
43762
43906
43920
43950
43952
44004
44017
44021
44026
44035
44047
44052
44060
44074
44077
44087
44092
44094
44103
44106
44107
44111
44113
44115
44118
44119
44121
44124
44125
44129
44130
44131
44136
44139
44141
44212
44221
44234
44240
44242
44256
44272
44306
44313
44321
44325
44406
44429
44432
44446
44460
44483
44503
44512
44555
44601
44663
44667
44677
44685
44691
44709
44710
44718
44720
44805
44839
44846
44857
44870
44875
44883
44901
44905
44906
45011
45014
45036
45042
45050
45056
45069
45103
45106
45118
45133
45177
45202
45206
45207
45212
45213
45219
45220
45221
45223
45224
45230
45233
45236
45239
45241
45242
45246
45314
45315
45342
45356
45373
45384
45385
45387
45402
45414
45417
45424
45426
45429
45431
45433
45435
45440
45459
45469
45501
45504
45551
45601
45619
45638
45648
45661
45662
45674
45680
45701
45750
45764
45804
45805
45806
45807
45810
45817
45822
45840
45891
46001
46012
46013
46016
46032
46074
46112
46131
46135
46140
46168
46202
46203
46204
46208
46218
46222
46224
46227
46236
46237
46240
46241
46256
46268
46290
46320
46322
46323
46375
46383
46385
46394
46408
46409
46410
46513
46517
46526
46530
46534
46545
46556
46590
46601
46615
46703
46750
46803
46805
46808
46825
46835
46901
46902
46953
46962
46989
47025
47129
47130
47150
47172
47203
47243
47250
47302
47303
47304
47306
47374
47404
47405
47577
47591
47660
47708
47710
47712
47715
47722
47802
47803
47807
47809
47876
47901
47903
47904
47905
47906
47907
47933
48033
48038
48047
48060
48061
48066
48067
48071
48073
48075
48083
48084
48088
48092
48105
48108
48109
48111
48116
48128
48150
48152
48161
48170
48180
48183
48184
48187
48188
48193
48195
48197
48201
48202
48204
48206
48216
48221
48226
48228
48237
48304
48307
48309
48312
48313
48326
48328
48329
48334
48423
48439
48502
48503
48504
48507
48603
48625
48640
48642
48708
48710
48801
48821
48823
48824
48843
48846
48858
48859
48867
48885
48910
48917
48933
49003
49006
49007
49008
49009
49015
49017
49022
49032
49036
49047
49076
49080
49085
49104
49201
49202
49221
49224
49242
49283
49307
49401
49423
49441
49442
49454
49456
49503
49506
49508
49509
49512
49525
49544
49546
49601
49684
49686
49707
49715
49719
49738
49770
49783
49829
49855
49908
49930
49931
49938
49946
50010
50011
50023
50112
50125
50126
50131
50140
50158
50219
50266
50309
50311
50312
50316
50322
50401
50436
50501
50588
50613
50614
50677
50701
50703
50801
51041
51102
51104
51106
51201
51250
51334
51360
51501
51503
52001
52003
52004
52045
52101
52132
52142
52205
52240
52242
52314
52402
52404
52406
52501
52557
52577
52641
52655
52801
52803
52806
52807
53005
53015
53058
53072
53073
53094
53097
53121
53132
53140
53141
53142
53144
53182
53186
53190
53201
53202
53211
53212
53217
53221
53222
53225
53226
53228
53233
53234
53403
53406
53511
53547
53548
53704
53706
53711
53715
53717
53718
53719
53809
53818
53913
53963
54022
54115
54135
54220
54303
54304
54307
54311
54401
54403
54481
54494
54501
54601
54650
54701
54751
54806
54843
54871
54880
54901
54911
54912
54914
54915
54935
54936
54971
55008
55012
55014
55021
55033
55042
55057
55063
55066
55068
55076
55102
55104
55105
55106
55108
55110
55112
55113
55114
55122
55125
55303
55343
55375
55401
55402
55403
55404
55405
55414
55415
55420
55426
55431
55432
55433
55435
55438
55445
55446
55454
55455
55720
55731
55734
55744
55746
55792
55802
55811
55812
55901
55902
55904
55905
55912
55987
56001
56003
56073
56082
56187
56201
56241
56258
56267
56301
56303
56308
56321
56374
56401
56479
56482
56501
56537
56557
56560
56562
56563
56601
56633
56649
56671
56701
56716
56721
57007
57042
57069
57078
57104
57105
57107
57117
57197
57201
57262
57301
57401
57555
57701
57703
57706
57752
57799
58072
58076
58102
58103
58108
58201
58202
58257
58301
58316
58318
58335
58405
58436
58501
58504
58506
58538
58601
58707
58763
58801
59022
59043
59101
59102
59106
59255
59301
59330
59405
59417
59501
59521
59526
59601
59625
59701
59715
59717
59718
59725
59812
59840
59855
59901
60012
60014
60015
60016
60030
60031
60045
60048
60060
60061
60064
60067
60077
60085
60090
60101
60108
60115
60123
60126
60137
60139
60148
60150
60160
60162
60165
60171
60178
60181
60187
60192
60195
60201
60202
60208
60305
60406
60409
60411
60431
60435
60443
60446
60448
60451
60452
60453
60455
60463
60465
60471
60473
60477
60484
60506
60515
60523
60527
60532
60540
60543
60554
60563
60586
60601
60602
60603
60604
60605
60606
60607
60608
60609
60610
60612
60613
60615
60616
60617
60619
60621
60622
60625
60626
60628
60632
60634
60636
60637
60640
60652
60654
60655
60656
60657
60660
60714
60804
60901
60914
61021
61032
61081
61108
61114
61201
61265
61270
61348
61354
61401
61455
61462
61520
61530
61603
61611
61614
61615
61625
61635
61701
61702
61761
61790
61801
61820
61821
61832
61920
61938
62002
62026
62028
62035
62056
62221
62246
62254
62278
62298
62301
62305
62450
62454
62521
62522
62526
62626
62650
62656
62702
62703
62704
62707
62712
62794
62801
62837
62846
62863
62901
62918
62946
62992
63017
63026
63033
63044
63050
63074
63084
63090
63101
63103
63105
63108
63110
63113
63118
63119
63121
63122
63123
63126
63127
63130
63134
63141
63146
63301
63344
63376
63385
63401
63435
63501
63601
63701
63703
63901
64014
64050
64055
64067
64068
64083
64093
64106
64110
64111
64114
64118
64127
64129
64131
64132
64133
64136
64145
64147
64152
64153
64433
64468
64506
64507
64601
64683
64701
64735
64772
64801
64804
64836
64850
64870
65020
65051
65065
65101
65109
65203
65211
65215
65216
65248
65251
65270
65301
65340
65401
65409
65473
65483
65536
65583
65584
65613
65726
65775
65802
65803
65804
65807
65897
66002
66006
66035
66045
66046
66048
66062
66067
66102
66112
66204
66210
66211
66212
66219
66223
66224
66502
66503
66506
66604
66606
66611
66621
66701
66720
66725
66749
66762
66801
66901
67005
67042
67059
67062
67063
67117
67124
67156
67203
67208
67211
67212
67213
67226
67260
67301
67337
67357
67401
67420
67456
67460
67501
67530
67579
67601
67701
67735
67801
67846
67901
68005
68025
68039
68071
68106
68111
68112
68114
68122
68127
68131
68137
68164
68178
68182
68198
68333
68421
68434
68467
68504
68505
68506
68508
68510
68516
68526
68588
68702
68787
68802
68849
68901
69025
69101
69337
69341
69361
70002
70006
70043
70047
70056
70062
70087
70112
70113
70114
70118
70119
70121
70122
70123
70125
70126
70131
70148
70310
70360
70363
70364
70395
70402
70403
70433
70445
70457
70460
70501
70503
70506
70508
70535
70560
70570
70601
70605
70615
70726
70737
70774
70801
70803
70806
70808
70809
70813
70814
70815
70816
70817
70836
71055
71101
71103
71104
71105
71107
71108
71109
71111
71115
71118
71201
71203
71209
71245
71272
71291
71301
71302
71359
71360
71497
71601
71603
71656
71701
71730
71731
71753
71801
71832
71854
71901
71913
71953
71998
71999
72012
72032
72034
72035
72076
72104
72110
72112
72114
72117
72118
72120
72143
72149
72202
72204
72205
72207
72209
72210
72211
72301
72316
72335
72342
72396
72401
72450
72455
72476
72501
72503
72556
72601
72653
72701
72703
72712
72756
72761
72762
72764
72801
72802
72830
72901
72903
72913
72916
73008
73013
73018
73019
73020
73034
73036
73038
73050
73069
73095
73096
73099
73106
73107
73110
73111
73117
73134
73139
73142
73159
73160
73170
73401
73460
73501
73503
73505
73521
73533
73624
73703
73717
73737
73764
73801
73939
74006
74017
74030
74037
74074
74078
74104
74107
74115
74116
74133
74134
74135
74145
74146
74171
74354
74361
74403
74447
74464
74465
74469
74501
74578
74601
74653
74701
74728
74801
74802
74804
74820
74868
74883
74953
74955
74960
75001
75006
75020
75033
75038
75040
75041
75050
75051
75052
75061
75062
75063
75067
75069
75080
75081
75090
75093
75104
75110
75149
75150
75160
75165
75204
75206
75207
75211
75214
75215
75217
75227
75228
75229
75231
75232
75234
75241
75243
75244
75246
75247
75248
75251
75275
75390
75402
75429
75455
75460
75501
75503
75599
75602
75604
75633
75662
75670
75701
75702
75708
75751
75765
75766
75799
75902
75904
75951
75961
76010
76011
76012
76013
76017
76018
76021
76053
76059
76086
76092
76102
76105
76107
76112
76116
76117
76127
76129
76132
76137
76203
76204
76205
76240
76308
76384
76401
76437
76470
76504
76513
76541
76543
76549
76645
76705
76706
76708
76798
76801
76904
76909
77002
77003
77004
77005
77006
77022
77027
77029
77030
77035
77036
77041
77042
77043
77044
77049
77054
77055
77058
77060
77061
77063
77064
77065
77067
77068
77071
77073
77074
77077
77079
77082
77083
77087
77089
77090
77092
77099
77204
77340
77381
77384
77446
77477
77488
77502
77505
77511
77520
77531
77550
77555
77566
77573
77584
77591
77598
77630
77640
77656
77701
77705
77707
77802
77803
77807
77833
77840
77843
77901
77902
78028
78040
78041
78102
78130
78145
78155
78201
78203
78207
78209
78212
78213
78214
78215
78216
78217
78221
78224
78228
78229
78230
78232
78238
78249
78250
78251
78254
78259
78363
78374
78404
78412
78414
78415
78416
78501
78503
78504
78520
78521
78539
78550
78560
78572
78577
78586
78596
78599
78602
78626
78628
78664
78666
78681
78702
78704
78705
78717
78723
78726
78730
78741
78744
78745
78750
78752
78757
78759
78801
78840
78852
79008
79016
79072
79106
79108
79109
79110
79226
79336
79407
79409
79414
79423
79430
79549
79602
79605
79697
79698
79699
79705
79720
79762
79764
79832
79903
79905
79907
79915
79924
79925
79927
79935
79936
79938
79968
80010
80011
80012
80014
80017
80021
80027
80031
80112
80120
80123
80134
80160
80202
80203
80204
80205
80206
80208
80210
80211
80214
80215
80217
80219
80220
80221
80226
80227
80228
80230
80233
80234
80239
80247
80301
80302
80305
80309
80401
80523
80525
80538
80631
80634
80639
80701
80751
80840
80903
80906
80907
80909
80918
80919
80920
81001
81004
81050
81052
81054
81082
81101
81231
81301
81416
81501
81506
81601
81648
82001
82007
82070
82071
82240
82435
82501
82601
82801
82901
83202
83209
83221
83301
83318
83338
83404
83440
83460
83501
83605
83642
83686
83687
83704
83709
83714
83725
83814
83815
83843
83844
83854
84003
84020
84032
84037
84041
84043
84047
84058
84066
84074
84088
84094
84095
84101
84102
84105
84106
84107
84111
84112
84115
84117
84118
84119
84123
84321
84322
84341
84401
84403
84404
84408
84601
84602
84604
84606
84627
84651
84701
84720
84738
84770
84790
85004
85007
85008
85012
85013
85014
85017
85021
85022
85027
85029
85032
85034
85040
85042
85051
85053
85122
85128
85201
85202
85209
85210
85212
85224
85225
85226
85250
85253
85254
85256
85257
85259
85260
85281
85282
85283
85284
85286
85287
85301
85302
85306
85307
85308
85323
85326
85338
85350
85365
85374
85382
85392
85552
85634
85635
85701
85705
85709
85711
85712
85716
85721
85745
85756
86004
86005
86011
86025
86301
86314
86401
86403
86409
86442
86556
87020
87031
87104
87105
87106
87107
87110
87112
87114
87120
87124
87301
87313
87402
87505
87507
87508
87532
87544
87557
87701
87801
88001
88003
88011
88061
88101
88130
88201
88202
88220
88240
88310
88345
88401
89002
89014
89074
89106
89113
89117
89118
89119
89121
89123
89128
89130
89135
89144
89145
89146
89154
89169
89191
89431
89434
89451
89502
89511
89512
89557
89703
89801
90004
90006
90007
90008
90010
90012
90013
90015
90017
90020
90024
90027
90028
90029
90032
90033
90034
90035
90036
90038
90039
90041
90045
90046
90047
90049
90059
90066
90077
90089
90095
90211
90221
90230
90241
90247
90255
90263
90275
90280
90301
90304
90401
90403
90405
90502
90505
90506
90601
90603
90604
90630
90639
90650
90670
90701
90703
90712
90720
90723
90731
90744
90746
90747
90755
90808
90813
90815
90840
91010
91101
91103
91104
91105
91106
91107
91125
91182
91203
91204
91208
91210
91303
91304
91311
91316
91321
91324
91330
91335
91340
91342
91344
91355
91356
91360
91371
91401
91402
91403
91405
91406
91411
91502
91504
91505
91601
91606
91702
91706
91711
91722
91730
91731
91733
91737
91739
91741
91746
91750
91754
91761
91764
91766
91768
91770
91773
91780
91786
91789
91790
91791
91801
91803
91910
91911
91942
91950
92007
92008
92019
92020
92021
92025
92027
92037
92056
92058
92064
92069
92071
92078
92081
92093
92096
92101
92102
92106
92108
92110
92111
92113
92115
92121
92123
92126
92131
92136
92140
92182
92211
92223
92225
92231
92234
92236
92243
92251
92252
92253
92260
92264
92270
92311
92324
92335
92339
92344
92350
92373
92374
92377
92394
92395
92407
92408
92410
92503
92504
92505
92506
92507
92508
92509
92521
92545
92551
92583
92590
92591
92592
92606
92612
92614
92618
92626
92647
92651
92656
92660
92683
92692
92697
92705
92706
92708
92782
92801
92802
92805
92806
92831
92832
92833
92840
92843
92845
92860
92866
92868
92869
92881
93001
93003
93012
93013
93021
93030
93033
93060
93101
93105
93106
93108
93109
93210
93215
93230
93245
93246
93257
93268
93277
93291
93301
93305
93308
93309
93311
93401
93403
93407
93422
93446
93454
93458
93534
93536
93555
93611
93612
93637
93654
93662
93702
93710
93726
93727
93730
93740
93741
93901
93906
93940
93943
93955
93960
94002
94014
94022
94027
94061
94062
94066
94080
94085
94102
94103
94104
94105
94107
94108
94111
94112
94117
94132
94133
94143
94303
94304
94305
94402
94403
94501
94508
94518
94520
94523
94526
94534
94538
94539
94541
94542
94545
94551
94558
94565
94574
94575
94578
94581
94590
94592
94601
94607
94608
94609
94612
94613
94619
94704
94708
94709
94710
94720
94806
94901
94904
94928
94951
94952
95003
95014
95020
95035
95051
95053
95054
95062
95064
95070
95076
95110
95113
95120
95122
95128
95129
95131
95133
95134
95135
95138
95192
95202
95206
95207
95210
95211
95231
95340
95343
95348
95350
95354
95356
95368
95370
95380
95382
95401
95403
95458
95482
95501
95521
95525
95610
95616
95621
95630
95661
95670
95677
95678
95687
95688
95762
95765
95776
95819
95821
95822
95823
95824
95825
95826
95827
95833
95834
95841
95901
95928
95929
95965
95971
95991
96002
96003
96094
96130
96150
96161
96707
96720
96732
96740
96744
96762
96766
96782
96799
96813
96814
96816
96817
96819
96822
96913
96923
96940
96941
96950
96960
97005
97030
97045
97058
97062
97086
97103
97110
97116
97123
97128
97132
97141
97201
97202
97203
97209
97213
97215
97219
97220
97223
97230
97232
97239
97301
97305
97317
97321
97331
97333
97361
97366
97373
97401
97403
97405
97420
97470
97477
97501
97504
97520
97526
97527
97601
97603
97701
97702
97703
97801
97850
97914
98003
98007
98011
98028
98033
98034
98036
98043
98052
98056
98057
98083
98092
98101
98103
98106
98108
98109
98115
98119
98121
98122
98133
98195
98198
98201
98203
98208
98225
98226
98271
98273
98278
98337
98339
98362
98402
98405
98407
98409
98416
98447
98466
98498
98499
98502
98503
98505
98512
98520
98531
98632
98661
98663
98683
98686
98801
98837
98901
98902
98903
98907
98926
98948
99001
99004
99037
99163
99164
99201
99202
99206
99207
99212
99217
99224
99251
99258
99301
99324
99336
99352
99354
99362
99507
99508
99645
99664
99669
99723
99775
99801
